-0.397277 0.459966
-0.449524 5.14979
-0.923195 1.81335
-0.989226 8.92021
-0.996792 2.73792
-0.950802 1.70349
-0.635332 0.962042
-0.876074 0.27212
-0.987642 6.46848
-0.999541 1.30578
-0.984529 3.77769
-0.97773 6.40941
-0.793155 4.04522
-0.968618 1.52571
-0.971509 6.09424
-0.968778 0.420133
-0.971841 8.32782
-0.995205 5.40757
-0.974056 3.17141
-0.897111 8.47853
-0.968992 4.57193
-0.984097 8.32945
-0.876081 0.46913
-0.903868 2.20225
-0.917305 7.7141
-0.954191 5.85142
-0.960502 0.606649
-0.678387 0.552774
-0.798815 1.01855
-0.966003 1.04867
-0.994128 5.96421
-0.881137 3.91494
-0.995909 17.4841
-0.995265 3.26524
-0.976125 3.77221
-0.964738 15.2753
-0.9286 1.19048
0.0662115 0.200163
-0.997934 4.17861
-0.390828 0.916467
-0.930185 9.20523
-0.943766 3.31351
-0.996769 3.72953
-0.959884 2.42616
-0.978075 1.92877
-0.990184 4.83238
-0.339712 2.05062
-0.969039 3.0899
0.671125 0.527219
-0.991076 3.64443
-0.737885 0.829434
-0.959876 3.3294
-0.947474 5.67456
-0.966085 2.10945
-0.979782 2.63556
-0.956473 2.56168
-0.971703 3.85405
-0.953873 2.09588
-0.980447 4.5039
-0.967746 2.1791
-0.968237 2.54391
-0.991458 10.5498
-0.968884 2.92054
-0.877526 1.68203
-0.76093 5.85174
-0.417052 1.27901
-0.995368 3.55057
-0.80294 0.353387
-0.987116 2.79206
-0.983013 3.16627
-0.96669 8.52742
-0.806585 2.24916
-0.846019 3.94924
-0.942088 1.29606
-0.988804 1.3311
-0.994645 2.39432
-0.980918 1.58205
-0.944868 1.7363
-0.943913 2.80385
-0.993921 2.94059
-0.977433 1.3163
-0.956738 15.6113
-0.993182 3.46271
-0.98158 3.05634
-0.926515 0.975752
-0.882742 0.778623
-0.974802 7.51319
-0.821658 4.15734
0.797401 0.718565
-0.803085 1.69523
-0.472903 0.316607
-0.135414 0.138544
-0.991853 2.34632
-0.837192 0.927614
-0.821838 3.5013
-0.96206 2.98532
-0.98076 3.42518
-0.98317 10.6489
-0.928179 0.448683
-0.993649 9.71585
-0.856301 0.448654
-0.979024 6.68312
-0.914146 1.7131
0.985339 0.0657492
-0.993444 5.83709
-0.833522 6.4629
-0.832912 2.48437
-0.92167 0.796817
-0.22647 0.630939
-0.965034 2.36481
