-0.959371 9.11363
-0.924014 5.08284
-0.861846 2.08347
-0.902899 9.99406
-0.828438 2.71716
-0.990656 3.81317
-0.958792 1.07253
-0.993908 1.52693
-0.982451 8.07707
-0.729898 0.914323
-0.982469 4.27529
-0.811691 0.395417
-0.783079 1.57461
-0.966568 1.08798
-0.664909 2.74029
-0.887803 0.86827
-0.920653 2.09612
-0.940713 6.29027
-0.930242 4.91559
-0.869416 1.07041
-0.859927 3.48397
-0.885011 0.249868
-0.695156 8.47819
-0.955591 5.56728
-0.976731 3.4474
-0.936711 2.11897
0.985329 0.578258
-0.631508 1.20537
-0.768638 0.453904
