-0.996694 3.27254
-0.962205 5.54991
-0.908981 4.74149
-0.690251 3.37544
-0.760302 5.34074
-0.971919 9.87873
0.576664 1.07938
-0.974928 3.85271
-0.853203 4.70776
-0.98733 16.7725
-0.76599 2.24134
-0.996728 9.25557
-0.935211 2.49952
-0.954776 9.53485
-0.959102 5.92665
0.200425 2.01151
-0.928999 3.95173
0.648453 0.346232
-0.97582 3.27187
0.629977 1.06147
-0.940044 5.20852
-0.984519 1.95641
-0.938523 6.56878
-0.99572 4.77794
0.731555 0.783506
-0.970371 5.25336
-0.0367032 1.89942
-0.996523 2.9144
-0.999622 3.14326
0.22805 0.400454
-0.801978 0.720674
-0.944154 12.0876
-0.961282 1.46163
-0.9767 3.03543
-0.929234 1.26115
-0.0602582 0.726378
-0.86502 9.97566
-0.978062 16.0043
-0.928145 1.36531
0.127007 0.0599578
-0.946075 2.24654
-0.986562 0.930663
-0.90281 7.10471
-0.998661 3.72764
-0.873924 4.06941
-0.991641 2.84059
-0.976424 8.50684
-0.934581 2.48213
-0.966475 0.742489
-0.937481 0.911314
-0.985472 3.19625
-0.907774 0.583283
-0.973215 5.08554
-0.898804 0.879182
-0.703516 1.34637
-0.975855 11.8081
-0.313318 0.85327
-0.94045 1.82408
-0.981544 5.33246
-0.99493 10.0801
-0.895159 3.69073
-0.619173 0.552318
-0.92352 0.147873
-0.988188 2.53815
-0.987536 10.9084
-0.429442 0.265471
-0.997937 2.49901
-0.813504 1.31589
-0.998088 2.11622
-0.797286 4.27856
-0.983124 3.17273
-0.494625 2.38452
-0.872679 0.435086
-0.28497 0.481175
-0.93315 8.04157
-0.990544 9.1579
-0.978679 2.28461
-0.786592 3.37212
-0.81877 1.95576
0.392311 2.53195
-0.96725 2.76924
-0.866068 1.10106
-0.987062 2.5857
-0.982336 1.91161
-0.985818 1.14058
-0.379085 1.22426
-0.956534 5.00485
-0.862947 1.21908
-0.928147 1.73692
-0.986862 2.89223
-0.995897 5.92931
-0.952022 1.50174
-0.446215 0.0537192
-0.969707 4.29359
-0.725315 2.49188
-0.908482 3.52173
-0.990442 5.33187
0.0695445 0.936326
-0.955926 3.83159
-0.930908 11.0156
-0.960347 7.77359
-0.994798 10.4904
0.0855223 1.23307
-0.776863 5.08425
-0.940886 1.12344
-0.718258 1.7474
0.00742875 1.01989
-0.951351 3.2509
-0.890865 0.473855
-0.916928 1.32951
-0.99346 4.67064
-0.415595 0.882173
-0.941239 1.69837
-0.826435 0.689022
-0.97952 2.51019
-0.978411 5.0172
-0.559753 1.99434
-0.981671 0.478922
-0.985924 4.3132
-0.968716 12.3252
-0.993105 2.51567
-0.997268 3.91091
-0.974079 5.15766
-0.984531 4.7337
-0.998777 5.63722
-0.823177 0.882943
-0.818616 1.05711
-0.996898 4.11539
-0.987427 2.40774
