-0.881735 1.16824
-0.900245 0.922424
-0.992179 2.19948
-0.0737855 0.624895
-0.984444 1.30209
-0.977144 1.62262
-0.983985 4.4079
-0.573248 0.0657093
-0.84299 2.42522
-0.972076 0.555445
-0.983699 4.55382
-0.775601 4.56189
-0.747315 3.3772
-0.85694 2.86532
-0.973929 0.0661525
-0.883258 1.69944
-0.821532 6.17117
-0.935018 1.99156
-0.834104 0.971953
-0.932317 0.446076
-0.868639 0.142648
-0.916509 3.86275
-0.27765 1.73476
0.914103 0.702055
-0.99012 1.50679
-0.960311 2.80387
-0.878832 3.68024
0.364864 0.519946
-0.88808 1.87556
-0.993006 0.94741
-0.62944 1.2395
-0.692261 0.669057
-0.854056 0.723305
-0.571721 0.756703
-0.988754 6.5726
-0.87521 0.74899
-0.622476 0.804772
-0.591005 0.603558
-0.382503 2.25266
-0.932424 1.27639
-0.947291 1.4663
-0.858768 2.63409
-0.967267 1.51463
-0.977267 1.93122
-0.74465 0.428791
-0.901184 1.14468
-0.869486 3.13076
-0.324551 0.807204
-0.615585 0.387204
-0.838344 0.897638
-0.942009 4.34832
-0.179899 0.534218
-0.935875 1.29529
-0.928445 4.60796
-0.839226 3.4838
-0.957459 1.01618
-0.905517 6.35735
-0.00813481 0.262135
-0.904933 1.77528
-0.821894 1.30496
-0.859472 1.30478
-0.860663 0.970437
-0.942649 4.08753
-0.935549 3.07211
-0.978067 0.939584
