0.754282 8.74668
0.992774 4.88609
0.992115 2.87394
-0.930227 0.678747
0.983892 2.28206
0.959021 2.02636
0.945805 1.01716
0.926124 0.552259
0.740811 0.734682
0.504997 0.521046
0.923516 3.17985
0.911667 2.14308
0.993236 0.476268
0.868295 2.71679
0.862482 3.42549
0.998387 1.59356
0.979885 4.78656
0.939524 2.63539
0.802526 3.46925
0.928656 5.39934
0.914697 1.80048
0.996119 4.46394
0.952718 7.18017
0.861529 0.950926
0.994612 3.82081
0.924432 8.51042
0.766456 0.506898
0.999233 10.3026
0.955498 2.91793
0.436363 0.574976
0.903173 1.05734
0.947183 5.22899
0.994804 3.16871
0.828081 0.496346
0.76258 2.24946
0.994665 8.20685
0.902481 2.19301
-0.0969854 0.409618
0.933107 4.63728
0.631117 1.38477
0.990275 1.38078
0.846218 1.47524
0.894666 5.4616
0.94798 0.84058
0.967282 1.35238
0.964496 0.0643029
-0.454637 0.541057
0.995192 4.01444
0.974307 3.2088
0.746941 0.905082
0.955466 1.12122
0.970102 10.4423
0.907276 0.935304
0.961656 3.92832
0.682583 6.12847
0.843833 2.25305
0.970362 5.6978
0.930961 9.33431
0.970979 1.9064
0.49444 1.24523
0.877936 5.43904
0.420341 1.58594
0.968368 1.24593
0.993044 0.835843
0.790203 4.03352
0.997621 1.28381
0.990016 8.60733
0.940481 2.75478
0.905669 0.648005
0.993079 0.369263
0.969602 14.7913
0.955537 23.2974
0.977578 2.24816
0.957266 2.47099
0.178649 0.938491
0.987847 3.64228
0.959784 9.82773
0.960601 0.813876
0.999331 3.61297
0.81825 2.71259
0.993301 2.9816
0.788804 6.1593
-0.0438667 0.151944
0.790759 1.25171
0.930135 2.32822
0.882392 1.4671
0.98345 7.44703
0.993138 19.0066
0.985074 8.3093
0.917733 2.70495
0.990149 1.75451
0.259405 0.943284
0.988028 0.981205
0.942579 0.178723
0.725755 0.412924
0.557763 5.85187
0.767855 1.9594
0.944893 6.12666
0.928138 3.33018
0.999741 12.5435
0.745136 1.06538
0.884714 0.634517
0.98197 5.84293
0.974209 8.6951
0.995873 3.72141
0.928687 2.35235
0.679489 1.94005
0.99283 6.23233
0.907149 5.96652
0.984353 12.1928
0.978131 4.41659
0.997146 10.0927
0.845665 1.0211
0.985403 10.5505
0.991429 2.90929
0.874888 0.650268
0.995217 4.80717
0.971668 2.99568
-0.19072 0.769147
0.885204 2.51939
0.999378 12.4773
0.756023 0.335935
0.900186 2.59596
0.953985 2.05959
-0.909595 0.657201
0.91183 0.728088
0.784844 0.695176
0.943558 1.83691
0.993817 3.63922
0.993405 1.15032
0.983353 2.02331
0.866791 0.615261
0.926571 8.24671
0.999028 13.5027
0.956629 10.7799
0.959439 1.19851
0.975808 6.10443
0.540591 1.24625
0.969639 2.70211
0.948107 4.49177
-0.249181 1.2705
0.916653 12.5687
0.916721 5.20025
0.698249 1.29008
0.968617 7.43273
0.991734 5.01424
0.825381 2.30811
0.969871 0.858653
0.989768 4.36187
0.916796 0.784239
-0.121047 0.548998
0.999977 2.72439
0.984423 0.682587
0.982126 8.87178
0.998637 2.0248
0.902482 2.82626
0.951426 11.7136
0.794257 3.4798
0.974422 1.34808
0.991124 2.77503
0.961292 0.291555
0.489564 1.56395
0.971082 9.42094
-0.521545 0.946763
0.483942 0.422241
0.971088 0.857475
0.991982 2.76247
0.852055 0.488115
0.944156 1.74865
0.430508 0.560443
-0.424105 0.267056
0.912934 0.289202
0.99913 4.49611
0.884411 2.18397
0.902492 5.72996
0.922453 2.0976
0.953087 6.23436
0.287163 0.528963
0.64638 0.819834
0.99394 11.5262
-0.567393 0.125485
0.966521 1.50703
0.986961 4.01887
0.921216 2.95817
0.772115 0.674299
0.892095 2.29521
0.908021 2.36031
0.930686 4.34202
0.994066 15.7708
0.982556 1.19276
0.973206 9.55709
0.902217 0.820468
0.939301 0.776236
0.99798 8.17919
0.809744 2.3633
0.984931 3.5072
-0.185897 1.16919
0.950259 5.58484
0.995853 8.08559
0.770851 1.50205
0.980173 2.48253
-0.864001 0.252291
0.477112 1.46547
0.965853 8.54402
0.912633 4.22551
0.977403 2.19858
0.914708 1.18822
0.977643 7.35435
-0.690838 0.323855
0.940041 7.50351
0.772163 0.377838
0.997932 1.5121
0.994783 4.7782
0.580074 0.545958
0.979678 12.6115
0.996823 6.84252
0.791389 1.66019
0.845875 2.26481
0.648127 0.989345
0.836851 3.43274
0.959705 4.03102
0.811225 0.11488
0.996925 3.89174
0.701896 1.93157
0.460907 1.33879
0.790373 4.6935
0.644508 0.692916
0.960397 12.038
0.189768 1.25202
0.627804 1.59727
0.947487 0.285617
0.968488 4.44129
0.92157 3.6251
0.648528 0.972415
0.942892 0.85145
0.996922 7.53723
0.919718 1.17886
0.955322 2.79328
0.821828 4.50004
0.599072 2.03812
0.992848 0.78624
0.881231 4.20736
0.96912 4.13393
0.817556 0.870729
0.558635 0.51273
0.996111 3.09359
0.662448 2.64042
0.897666 5.30844
0.77494 5.37223
0.731395 1.24371
0.970335 4.26685
0.471468 0.818075
0.884075 1.29764
0.843106 1.47021
0.995918 10.5265
-0.750915 0.257891
0.836204 4.1086
0.939799 2.25175
0.905113 1.01008
-0.452225 1.14561
0.776016 0.808037
0.981958 7.25776
0.999485 21.8715
0.952908 1.50969
0.953294 6.56465
0.961737 4.75165
0.976078 2.55461
0.953151 3.25053
0.117046 0.158093
0.30272 0.31391
0.310432 1.5431
0.772401 2.59802
0.870672 2.98007
0.996576 4.5054
0.871528 3.15475
0.882766 1.3873
0.992995 2.15597
0.990333 8.19433
0.914191 4.92626
0.990618 7.87672
0.94093 4.28393
0.924409 2.01076
0.0309313 0.49547
0.845352 2.94282
0.940856 4.48769
0.738927 4.38978
0.981269 3.60554
0.970483 0.317576
-0.392848 0.533388
0.988373 4.30869
0.878303 4.13622
0.999208 3.79647
0.960941 8.95093
0.993885 0.753554
0.916335 2.395
0.902003 9.07716
0.907443 1.28172
0.991508 25.9338
0.948162 13.2174
0.966342 1.70312
0.953048 4.28561
0.633961 1.50518
0.930484 0.927429
0.968263 3.47241
0.515106 0.15228
0.920913 2.30518
0.989711 2.07936
0.764498 3.19726
0.557086 0.172124
0.866814 1.97365
0.998939 0.589376
0.802598 1.61794
0.965172 2.34065
0.767349 3.16457
0.976868 5.47152
0.979532 8.59908
0.992681 3.36246
0.772785 0.0559473
0.998332 3.44019
0.997477 2.49097
0.996935 6.36506
-0.991342 0.916238
0.933923 2.44745
0.873882 0.923133
0.984107 1.87488
0.977261 6.90609
0.977559 1.9652
0.988138 8.03568
-0.342937 0.266036
0.841038 2.75628
0.656088 0.820332
0.11349 0.754537
0.762865 4.26889
0.926978 6.90568
0.466227 0.992744
0.99289 11.4907
0.645464 0.982213
0.603404 0.597517
0.997418 3.74989
-0.951357 7.83855
0.756745 1.44116
0.995717 4.67482
0.771728 4.2427
0.970877 2.6165
0.815683 3.52891
0.97321 2.11463
0.995212 11.1762
0.984287 2.85237
0.815199 3.53751
0.986792 1.1757
0.992492 7.58674
0.822894 1.32652
0.945552 1.55822
0.964349 14.1548
0.984389 1.28626
0.27432 0.6055
0.987586 8.10497
0.959904 5.95012
0.942859 1.51996
0.458475 1.94386
0.949575 2.81096
0.939403 0.321815
0.923983 1.56042
0.894543 1.6358
0.661478 0.776701
0.944534 2.45928
0.229179 0.675922
0.744007 4.20777
0.446334 0.96623
0.946919 1.6053
0.83346 3.08256
0.545445 1.2314
0.916753 1.5729
0.688442 0.224489
0.960905 1.76891
0.95514 6.96592
0.905995 0.187867
0.992098 0.629331
0.81616 1.55669
0.916976 2.42488
-0.183287 1.01035
0.999667 5.37366
0.988833 7.35499
0.582481 1.11057
0.889003 1.19007
0.992095 13.2627
0.996886 6.22088
0.962609 2.41702
0.703632 2.1431
0.916869 3.62582
0.993336 5.72403
0.973998 8.12383
0.999611 4.18943
0.717917 2.07599
0.970851 2.78563
0.984051 1.74113
0.956096 1.42447
0.982937 3.94562
0.931897 1.77346
0.959741 4.31532
0.859622 0.488979
0.888151 2.06124
0.105798 0.80119
0.99845 13.4982
0.649599 2.44395
0.840331 0.429585
0.97453 7.24459
0.79229 4.33007
0.997577 4.99255
0.995631 13.0807
0.98239 1.73814
0.132746 0.464164
0.977078 4.64501
0.884598 3.12914
0.987113 2.3861
0.974561 2.94245
0.945296 1.53543
0.948092 5.95729
0.830833 0.939233
0.950084 1.37419
0.515316 0.0195802
0.989711 5.79891
0.736389 1.89704
-0.0609759 1.02931
0.828434 0.765096
0.996341 9.59019
0.943737 3.12042
0.744456 0.729188
0.992429 1.98113
0.516936 0.152678
0.390439 0.484462
0.815087 0.544412
0.942918 2.50265
0.972808 3.49123
0.754681 0.82937
0.963525 10.5211
0.819932 0.140237
0.997337 7.76043
0.876912 1.52207
-0.69666 0.658538
0.956979 2.65915
0.956874 1.7603
0.911316 1.17773
0.917026 2.31195
0.99496 7.67999
0.9932 9.26153
0.94118 11.5099
0.865982 2.81312
0.503961 3.39253
0.985266 4.4715
0.940149 2.99819
0.9314 1.81203
0.338989 0.394246
0.987159 3.47066
0.759807 1.47814
0.853396 1.46599
-0.951189 1.36789
0.993482 1.88725
0.91791 1.09198
0.987713 2.90406
0.876792 0.284322
0.875644 2.48808
0.976864 2.68908
0.961689 10.3189
0.940143 4.68219
0.879323 1.70794
0.997913 10.5709
0.656801 0.741553
0.992318 8.30289
0.994558 1.4668
0.994207 1.89444
0.968592 7.37863
0.805778 0.821621
0.63517 1.21084
0.990512 3.39662
0.937769 7.10604
0.999454 7.3901
0.861565 0.374779
0.623721 4.5027
0.992739 0.627648
0.96035 1.40738
0.391047 0.487079
0.911266 2.85562
0.877974 2.31566
0.363799 0.943306
0.781471 0.248288
0.998332 5.0335
0.961331 2.74549
0.899287 0.697296
0.916073 1.70939
0.93252 0.41613
0.972743 1.87307
0.901952 1.79149
0.940077 0.321577
0.19007 0.417421
0.851586 0.746176
0.986862 1.33019
0.962066 1.15789
0.658313 0.913698
0.957174 1.22866
0.99277 13.1771
0.976566 3.97733
-0.745643 0.233893
0.85899 1.31005
0.843528 5.41075
0.974032 1.32272
0.980325 6.42299
0.998611 7.38731
0.949404 2.8802
0.568386 1.57802
0.994541 7.65162
0.938062 1.38119
0.548675 0.699399
0.991114 7.31594
0.976796 5.81531
0.971049 9.17593
0.992057 2.54425
0.896772 1.89452
0.82097 0.839009
0.891151 1.31846
0.951622 5.31989
0.790586 0.536957
0.985398 2.26923
0.939221 1.61976
0.985434 2.87792
0.968643 1.23359
0.991923 0.808264
0.99619 1.39136
0.986443 5.15083
0.980053 6.84739
0.188735 0.302115
-0.367502 0.262928
0.896902 1.73521
0.925914 3.64759
0.997944 2.89409
0.981911 1.59767
0.937362 1.75149
0.999671 8.93679
0.867527 1.22813
0.991635 1.59928
0.978764 6.40991
0.378699 0.494658
-0.672902 1.81381
0.677865 0.442987
0.974855 3.35795
0.993133 6.72451
0.979278 0.773554
0.981253 4.30682
0.866979 2.23902
0.879003 5.99618
0.681876 6.4595
0.267066 1.37513
-0.0634977 0.631016
0.968043 3.7236
0.981766 25.3821
0.999616 3.72461
0.893898 0.977973
0.854073 0.797703
0.932598 3.1905
0.84509 1.08595
0.991217 1.8601
0.604816 1.92729
0.889168 0.920857
0.940702 2.2951
0.988204 5.33342
0.87597 1.58452
0.914897 6.04669
0.982486 9.59642
0.987774 4.96377
0.95125 11.5971
0.978544 1.62851
0.893783 0.291348
0.975046 7.21891
0.970649 3.71225
-0.635992 1.19805
0.963422 3.87769
0.998409 7.27294
0.987787 10.7889
0.918253 1.51752
0.970904 7.21479
-0.696967 0.548378
0.413998 0.315505
0.940656 2.41041
0.95473 9.9811
0.865196 4.13268
0.969941 1.00679
0.91305 0.818656
0.984911 0.909995
0.935424 8.69483
0.963433 1.73673
0.933264 16.9689
0.977731 8.90778
0.99592 0.29317
0.478852 1.10943
0.376147 0.696106
0.975576 2.80312
-0.718736 0.643378
0.94186 4.85936
0.19955 0.806962
0.928677 0.697331
0.814184 1.00404
0.998498 6.17992
-0.366215 0.00775426
0.981372 1.50323
0.972446 4.99079
0.695878 0.383287
0.407134 1.87583
0.949229 3.56463
0.971743 2.9746
0.705161 3.14931
0.994404 2.91773
0.886497 2.9451
0.901447 2.11918
0.970997 0.676452
0.96065 6.2345
0.890379 7.67204
0.919163 2.12158
0.775948 2.31853
0.332219 2.20334
0.988636 4.1748
0.969412 3.33895
0.991426 9.34452
0.615408 0.808901
0.983149 6.34097
0.803328 1.19129
0.968279 15.8709
0.964794 12.3976
-0.00389579 0.239188
0.984318 5.17672
0.869342 2.25379
0.95881 3.66661
0.944428 3.44476
0.964647 7.09758
-0.912728 1.08348
0.68855 0.266209
0.986256 0.712121
0.895291 1.89083
0.57619 1.98937
0.946869 1.15203
0.973523 4.55668
0.841191 3.60804
0.769569 0.614896
0.914867 0.494968
0.963998 0.212711
0.8697 2.63271
0.929378 1.96173
0.903211 1.29601
0.995798 4.70539
0.978434 0.338623
0.872851 4.86783
0.759226 1.48411
0.982897 1.77889
0.964907 0.772741
0.990649 0.897498
0.842299 0.0678855
0.841279 2.09594
0.9246 10.1687
0.865251 1.41643
0.942667 2.65429
0.998784 0.723732
0.768235 3.3334
0.968655 1.30904
0.955099 3.52773
0.830858 3.36755
-1 1
-1 1
-1 5
-1 5
-1 5
1 5
1 5
1 5
0.986756 2.27953
0.970767 7.1019
0.285902 1.73698
0.269779 4.62451
0.251496 1
-0.795378 1
