-0.83074 6.11424
0.0194674 0.379063
-0.978967 14.559
-0.892352 1.67244
-0.957904 5.96528
-0.960929 3.29044
-0.994425 3.51308
-0.716448 0.445577
-0.961154 10.7585
-0.751963 1.26173
-0.884054 1.48605
-0.986234 0.500553
-0.532543 1.84795
-0.409964 0.530169
-0.986689 2.3463
-0.945739 6.99933
-0.828936 1.08856
-0.980271 8.17563
-0.953215 3.06965
-0.994008 4.47167
-0.90729 0.685212
-0.990926 12.7648
-0.959688 4.20728
-0.986846 6.34065
-0.953736 0.674917
-0.975657 2.54034
-0.990828 1.34902
-0.943731 1.38173
-0.983997 2.36691
-0.847856 2.20197
-0.91955 3.41447
-0.985897 1.98675
-0.799202 1.97185
-0.797611 1.08478
-0.918749 5.05743
-0.956559 1.54476
-0.869337 0.384054
-0.964951 9.7417
-0.940248 8.84408
-0.982453 0.757516
-0.937188 1.5713
-0.979987 2.3813
-0.992294 2.59636
-0.946493 0.670142
-0.924079 0.164327
-0.941791 5.90839
-0.875968 4.54282
-0.959446 8.12856
