0.338656 0.0357199
-0.965207 0.0754659
-0.89621 0.0364141
-0.96997 0.916847
-0.896585 0.00877885
-0.953888 0.0138652
-0.930062 0.109392
-0.953061 0.0234039
-0.972644 3.32382
-0.999097 0.0079808
-0.992146 1.57326
-0.90285 0.00502007
-0.985121 0.0101385
-0.999217 0.00992768
-0.657979 0.00162398
-0.453791 0.028609
-0.278624 0.00327664
-0.941956 0.00129338
-0.913778 0.00314865
-0.721861 0.0273781
-0.80422 0.00218295
-0.989522 0.0117372
-0.998337 1.84459
0.838758 0.00962259
-0.837417 0.0308111
-0.902068 0.144481
-0.952227 0.576113
-0.986088 0.0727642
-0.915284 0.136335
-0.854613 0.253939
-0.344314 0.00278552
-0.977237 0.00354678
-0.927894 0.037461
-0.886731 0.00211535
-0.35845 0.00658367
-0.850579 0.0016981
-0.396082 0.00624801
-0.477777 0.00365997
-0.992998 0.328395
-0.989049 0.00191618
-0.990782 0.269582
-0.984299 0.00405663
-0.905761 0.00301915
-0.819491 0.0567173
-0.680133 0.855217
-0.965778 0.218573
-0.760434 0.333822
-0.955197 0.00243256
-0.827403 0.0399833
-0.840425 0.540438
-0.976463 2.79003
-0.857627 0.00438905
-0.95136 0.00151625
-0.399296 0.084593
0.667983 0.00273777
-0.14411 0.0418797
-0.96127 0.00108272
-0.983832 0.240749
-0.860096 0.232185
-0.75923 0.138082
-0.985305 0.00274296
-0.929377 1.2956
-0.979932 0.0910859
-0.978976 0.00520421
-0.898142 0.4402
-0.930561 0.589606
-0.566651 0.00459398
0.119895 0.00160695
-0.0976588 0.00145201
-0.925487 0.126584
-0.876195 0.0130815
0.181629 0.00264642
-0.960564 0.0121334
-0.997849 0.174909
-0.926787 0.00344353
-0.940863 0.388273
-0.610225 0.119022
-0.23381 0.0213048
-0.909394 0.00331411
-0.932643 0.00198695
-0.832643 0.0146858
-0.520854 0.0146967
0.382551 0.00201447
-0.14736 0.00103453
0.429917 0.00395833
-0.997894 0.091768
-0.970861 0.0101353
-0.991924 0.0013111
-0.964493 0.00366184
-0.877709 0.00128832
-0.714698 0.0896375
-0.961275 0.00625665
-0.555456 1.00438
-0.8504 0.0309267
-0.374167 0.00274176
-0.821779 0.0761806
0.169229 0.00357263
-0.791716 0.0401469
-0.762703 0.00175102
-0.950198 0.00141308
-0.977692 0.00955976
0.563655 0.00431401
-0.416831 0.00258563
-0.970387 0.00222986
-0.991295 0.0168168
-0.350078 0.13887
-0.922504 0.188281
-0.797983 0.0925663
-0.917623 0.031743
-0.679095 1.08312
-0.164588 0.00318098
-0.784206 0.00497356
-0.984699 0.146557
-0.865859 0.00193128
-0.688144 0.00252311
-0.807661 0.00667991
-0.951424 0.145061
-0.777947 0.340495
-0.88636 0.62648
-0.859832 0.00761581
-0.989704 0.13006
-0.877116 0.0381351
-0.886301 0.00744754
-0.980945 0.00111346
0.815467 0.0022276
-0.543755 0.00163649
-0.832958 0.283417
-0.918989 0.250444
-0.921814 0.0213323
-0.904369 0.609216
-0.949833 0.00433617
-0.849126 0.0872295
-0.984973 0.0989488
-0.90839 1.29914
-0.99931 0.00853903
-0.862134 0.0252909
-0.994415 0.00149969
-0.990684 0.00573865
-0.589229 0.00448722
-0.831395 0.0026754
-0.779878 0.0309319
0.77903 0.00110301
0.218706 0.00166699
-0.03454 0.00721269
-0.900212 0.00266167
-0.953818 0.0889856
-0.983167 0.0113665
-0.965853 0.401488
-0.906212 0.00793604
-0.941987 0.0607998
-0.959506 2.52739
-0.836033 0.00444721
-0.764094 2.94018
-0.664602 0.00151081
-0.831437 0.102649
-0.913858 0.000990672
-0.96083 0.0100718
-0.935207 0.0405812
-0.573322 0.00156756
-0.750418 0.0478583
-0.664692 2.68153
-0.932589 0.0566481
-0.90486 0.0152685
-0.590475 0.160977
-0.885598 0.110814
-0.336901 0.0076351
-0.87455 0.30741
-0.853996 0.49008
-0.511837 0.0100843
-0.574027 0.00182851
-0.910479 0.00183746
-0.735891 0.00119214
-0.937465 0.00112212
-0.85102 0.0081377
-0.383876 0.0012342
-0.977142 0.00100315
-0.98103 0.00285277
-0.992841 0.00302595
-0.993798 0.0404373
-0.785209 0.00164731
-0.829574 0.00486829
0.470819 0.00292036
0.0190534 0.0133603
-0.687595 0.00123978
-0.985609 7.58176
-0.970554 0.120591
-0.928934 0.0939652
-0.818151 0.266365
-0.985199 0.0602325
-0.956269 0.147539
-0.995268 0.398764
-0.968411 0.249609
-0.959685 0.00210768
0.114477 0.00248874
0.747521 0.153028
0.40974 0.00497431
-0.831672 0.270948
-0.322832 0.510999
0.322832 0.510999
-0.031876 0.00100065
-0.956126 0.0060648
-0.322462 0.0620838
-0.649442 0.420383
-0.683252 0.0408182
-0.854784 0.169421
-0.9361 0.00874946
-0.668685 0.520692
-0.889375 1.42681
-0.945903 0.00109789
-0.852173 0.0517977
-0.9962 1.06939
-0.59323 0.108574
-0.65636 0.0121413
-0.777137 0.0438552
-0.846558 0.0173526
-0.991373 0.00129941
-0.916228 0.0104667
-0.873395 0.0103235
-0.928748 0.162234
-0.986952 0.00103348
-0.948459 0.00690763
-0.9483 0.373581
-0.860601 0.926875
-0.782289 0.0924974
0.318044 0.0146801
-0.388092 0.00185272
-0.837528 0.0670069
-0.666384 0.0181233
-0.945656 0.00129078
-0.574977 0.0240414
-0.973647 0.038247
-0.984032 0.860827
-0.750242 0.0335236
-0.634262 0.0897901
-0.631957 0.0544744
-0.783047 0.00146011
-0.799911 0.00883841
-0.956273 0.202767
-0.981459 0.0759642
-0.852171 0.00374612
-0.978824 0.00218081
-0.956684 0.00143659
-0.907046 0.0016704
-0.914637 0.00848341
-0.999246 0.0723734
-0.954559 0.0740288
-0.978525 0.00725462
-0.957418 0.460136
-0.930167 0.0115869
-0.999973 0.12862
-0.945044 4.26291
-0.926226 0.489362
-0.998055 0.00749946
-0.854043 0.00947544
0.583533 0.00361425
-0.595155 0.00171673
-0.978051 0.0551115
-0.910887 0.399216
-0.754727 0.510999
0.754727 0.510999
0.344832 0.0114922
-0.525188 0.0253061
-0.958696 0.277415
-0.990145 0.0186542
-0.427634 0.0145992
-0.159344 0.00399861
0.56683 0.0557817
-0.871903 0.448017
-0.0387696 0.00104287
-0.787488 0.829487
-0.920043 0.00532662
-0.8541 1.52381
-0.868131 0.0876706
-0.735702 0.149187
-0.682997 0.0185639
-0.489571 0.00467163
-0.547043 0.00417786
-0.749862 0.141186
-0.00955878 2.24148
-0.971164 0.0466737
-0.983679 0.136087
-0.995393 0.0223673
-0.916782 0.0266975
-0.990198 0.125116
-0.999156 0.038986
-0.799522 0.440129
-0.595015 0.0473449
0.695025 0.0435946
-0.669875 0.0159602
-0.527044 0.134012
-0.770404 0.640096
-0.872964 0.00666702
-0.771312 0.653697
-0.433726 0.229653
-0.681566 2.09294
-0.906993 0.0157169
-0.780218 0.00116611
-0.784875 0.00854099
-0.982678 0.00162488
-0.962118 0.28375
-0.831134 0.00565786
-0.978412 0.0224537
-0.871355 0.0209356
-0.83584 0.00317294
-0.989225 0.00265699
-0.844816 0.0038992
-0.779411 0.172534
-0.417107 0.0146356
-0.351814 0.00287681
-0.369944 0.0013567
-0.452089 0.00617146
-0.724877 0.00307961
-0.941174 0.0324274
-0.60676 0.117664
-0.650135 0.834797
-0.811216 0.114914
-0.985266 0.0122525
-0.575365 1.09857
-0.51981 0.00251265
-0.963029 0.00966247
-0.922472 0.0477275
-0.96864 0.0350205
-0.888921 0.029241
-0.728179 0.0017072
-0.161357 0.00241754
-0.857087 0.664866
-0.964991 0.234462
-0.579798 0.030103
-0.859243 0.0105048
0.382311 0.00536842
-0.668443 1.41865
-0.955776 0.029987
-0.896127 0.0431428
0.148465 0.132393
-0.982747 0.0342284
-0.870146 0.00109912
-0.168657 0.0263744
0.170377 0.015333
-0.92392 0.00197601
0.835049 0.00328786
-0.741108 0.00120228
0.622859 0.236235
-0.872407 0.847532
-0.617878 0.0262548
-0.0996735 0.318366
-0.998825 0.00137764
-0.643305 0.0190083
-0.474342 0.000992488
-0.571714 0.0128438
0.941495 0.00786169
0.0767364 0.00166702
0.62116 0.00217806
0.158629 0.00262455
-0.973529 0.0125873
-0.798012 0.0599301
-0.808523 0.0102897
-0.948864 0.0126306
-0.987474 0.091674
-0.99592 0.320921
-0.977831 0.385262
-0.35175 0.0155125
0.892505 0.0363694
-0.70133 0.025391
-0.88568 0.00454264
-0.955917 0.898229
-0.98857 0.0392243
-0.925001 0.161421
-0.995017 0.00724829
-0.915515 0.0245804
-0.518195 0.00738178
-0.987541 0.00298216
0.388759 0.289756
-0.977609 3.02128
-0.868104 0.00115188
-0.363856 0.00869626
0.162355 0.0275379
0.995122 0.0939218
-0.991743 0.0115341
-0.804881 0.00477824
-0.94965 0.00630781
-0.860181 0.00156938
0.271415 0.0294099
-0.742747 0.0284904
-0.991036 0.00153432
-0.817666 0.0403086
-0.932087 0.0483537
-0.918162 0.0182009
-0.925707 0.243399
-0.0227213 0.00209796
-0.903774 0.221706
-0.936064 0.00598058
-0.914453 0.0109851
-0.31977 0.00593364
-0.638424 0.068831
-0.966134 0.00250763
-0.507285 3.14791
-0.970489 0.000990222
-0.705973 0.00113911
-0.967142 1.0665
-0.980387 5.18022
-0.926344 0.0396913
-0.924186 0.0809163
-0.910377 0.0713989
-0.800293 0.00149313
-0.0393255 0.00143731
-0.894746 0.0525819
-0.179526 0.00180909
-0.820168 0.00289988
-0.957199 0.0827767
0.174462 0.00500595
0.300415 0.0388486
-0.713073 0.00768215
-0.727551 0.00833155
0.0349695 0.210485
-0.734718 0.389532
-0.602029 0.13208
-0.947967 0.375445
-0.673481 0.00118438
-0.86484 0.0133681
-0.755937 1.62671
-0.918381 0.0112092
-0.924309 0.0075502
-0.95805 0.00267177
-0.976807 0.00272853
-0.49199 0.0367889
-0.918628 0.218747
-0.162461 0.0186646
-0.886896 0.0158333
-0.636376 0.0909378
-0.855808 0.0412001
-0.794156 0.11035
-0.61412 0.00106754
-0.563344 0.0122495
-0.0661104 0.0012517
-0.806679 0.00182092
-0.960214 0.014781
-0.869442 0.00710358
-0.615647 2.72752
-0.632863 0.0170958
-0.989296 0.00478054
-0.763672 0.00176503
-0.994547 0.302358
-0.980829 0.0633117
-0.993865 0.0612579
-0.166435 0.355118
-0.740385 0.004139
-0.917415 1.47703
-0.930902 0.018096
-0.97815 0.00361193
-0.900622 0.0481922
-0.861625 0.00305643
-0.952974 0.0747811
-0.561765 0.0670329
-0.200036 0.0053295
-0.596689 0.00113355
0.0736267 0.460603
-0.693539 0.00208564
-0.873631 0.00242189
-0.782108 0.041204
-0.580274 0.494215
-0.890161 10.2274
-0.987978 0.436366
-0.0953218 0.00103888
-0.717723 0.00232942
-0.912479 0.00131375
-0.934854 0.0253485
-0.942931 0.00656775
-0.975073 4.70094
0.922394 0.00399764
0.555466 0.00167627
-0.941705 0.00474514
-0.998466 0.00198659
-0.991796 0.00352141
-0.987076 0.0606051
-0.979508 0.101611
-0.275249 0.00283571
-0.782698 0.0436001
-0.961199 0.00366506
-0.991463 1.4855
-0.794024 0.100458
-0.718349 0.0122111
-0.84727 0.127164
-0.204771 0.00325158
-0.832766 0.0422592
-0.842014 0.00583183
-0.813563 0.00181866
-0.688019 0.0351869
-0.177821 0.0109963
0.71134 0.00128293
-0.483148 0.00756261
-0.633312 0.039736
-0.991467 0.00887836
-0.812606 0.027172
-0.928538 0.0120593
-0.946008 0.00327738
-0.861626 0.00105502
-0.824183 0.00191519
-0.880981 0.948158
-0.8766 0.0154325
-0.825294 0.00545211
-0.915805 0.0206683
-0.115887 0.00541848
-0.523943 0.0266689
-0.92117 0.0233793
0.429006 0.00312692
0.358559 0.0385941
-0.0150781 0.00762433
0.370913 0.00476214
-0.714456 0.00602342
-0.942251 0.00860382
-0.997961 0.0616406
-0.973873 0.0310917
-0.952161 0.1117
-0.90732 0.0172783
-0.942773 0.00271336
-0.83618 0.00434766
-0.952664 0.0809861
0.0706119 0.0642556
-0.907602 0.015149
-0.915016 0.00720302
-0.988442 0.330697
-0.967315 1.78696
-0.111681 0.00457413
-0.925315 0.00106611
-0.599126 2.29992
-0.973794 0.00225709
-0.909681 3.95969
-0.965464 0.771407
-0.97227 4.74482
-0.85046 0.00614178
0.491402 0.0112601
0.72049 0.00140673
-0.949742 0.101692
-0.888745 0.00401683
-0.903657 2.7661
-0.904219 0.00109927
-0.994297 0.00716891
-0.77813 0.00149658
-0.989462 0.00350786
-0.98884 0.33947
-0.922374 0.78494
-0.918387 0.0167121
-0.824566 0.00114073
-0.967065 0.418471
-0.970718 1.14212
-0.953476 0.00687421
-0.750719 2.7372
-0.830662 0.0023193
-0.996569 0.00107038
0.351329 0.00172733
-0.941969 3.8681
-0.898097 0.00326048
0.339805 0.00926073
-0.722095 0.00650741
-0.92437 0.00132925
-0.930087 0.172393
-0.924198 0.0407832
-0.98976 0.00265489
-0.987133 2.45402
-0.997772 0.00361476
-0.784431 0.230627
-0.952068 0.768878
-0.977814 0.00241226
-0.933799 0.0289305
-0.861545 0.00197994
-0.61808 0.489572
-0.564482 0.00252228
-0.854686 0.198314
-0.262195 0.00958776
-0.452113 0.03335
-0.818285 0.27301
-0.675865 0.00977466
-0.847267 0.190339
-0.835511 4.19278
-0.969585 0.021271
-0.912304 2.60082
-0.955498 0.00330661
-0.902155 0.00298763
0.120953 0.0013126
-0.987894 2.64373
-0.945751 0.032543
-0.949802 0.0032104
-0.981605 0.00554579
-0.983369 0.0262435
-0.924316 0.00267346
-0.635038 0.226636
-0.710472 0.00189381
-0.447137 0.0361929
-0.924713 0.409516
-0.993542 0.0383084
-0.998166 0.0128922
-0.965568 0.0303941
-0.835297 3.58174
-0.709 0.124963
-0.988236 0.272703
-0.977997 0.00132572
-0.377776 0.00166747
-0.506802 0.00659295
-0.844178 0.00459536
-0.933481 0.0209925
-0.971815 0.00618158
-0.344325 0.023634
-0.880028 0.00765444
-0.261034 0.00124356
-0.030762 0.024467
-0.16213 0.00166876
-0.84332 0.0102312
-0.70247 0.10347
-0.749102 0.00398253
-0.810747 0.00827606
-0.868652 0.0018134
-0.943133 0.884805
-0.863482 0.00230123
-0.511852 0.00198893
-0.946688 0.00165033
-0.63784 0.00613297
-0.713799 0.451913
-0.942635 0.64249
-0.836056 0.995159
-0.85044 0.0313056
-0.948541 0.00725079
-0.991488 0.0272542
-0.939418 0.00187077
-0.935117 0.300666
-0.971264 0.126959
-0.757116 0.00452949
-0.464533 0.0162328
-0.990722 0.00479259
-0.892834 0.276359
-0.921565 0.00540953
-0.955287 0.0595032
-0.96999 1.63335
-0.982179 0.0576032
0.492565 0.0527957
-0.0456368 0.00464583
-0.76764 0.0190489
-0.783328 0.0189804
-0.990232 0.0348232
-0.926398 3.25146
-0.999926 0.0479496
0.0209449 0.0102835
-0.706119 0.001154
-0.994551 0.0123513
-0.921557 0.52411
-0.477487 0.0162655
-0.28799 0.0257538
-0.923581 0.0594914
-0.939948 0.00468947
-0.965278 0.00957401
-0.997267 0.0625098
-0.926328 0.0375831
-0.666816 1.5197
-0.916036 0.00769245
-0.885545 0.0734332
-0.904396 0.0136021
-0.843022 0.0312277
-0.953808 0.139183
-0.98841 0.504241
-0.973607 0.0405966
-0.633648 0.0022519
0.918142 0.00415534
-0.326651 0.01009
-0.973121 0.0174092
-0.90927 0.0621326
-0.981789 0.00764014
-0.972027 0.0583603
-0.86547 0.12987
-0.884413 0.07013
-0.542368 0.312617
0.224672 0.00366743
-0.917444 0.00765403
-0.676722 0.0173228
-0.468768 0.00232947
-0.692624 1.58686
-0.87747 0.00109291
-0.828141 0.00159243
-0.819986 0.081943
-0.744842 0.00681218
-0.808276 0.0507871
-0.969372 0.00200989
-0.70514 0.183094
-0.584809 0.00996305
-0.958634 4.63611
-0.915273 0.115888
-0.815458 0.025949
-0.662675 0.0600101
-0.653653 0.0250738
-0.711526 0.0444846
-0.873104 0.00932494
-0.153484 0.00899459
-0.751105 0.449744
-0.97174 0.0318019
-0.985278 0.011324
-0.964735 0.431335
-0.944999 0.001771
-0.926072 0.0930982
-0.68464 0.0044913
-0.416642 1.33801
-0.54927 0.149348
-0.45327 0.00329252
-0.983084 0.00343084
-0.970485 0.262155
-0.938081 1.86803
-0.948075 0.0093932
-0.506939 0.0828649
-0.731862 0.794793
-0.528884 0.0399074
-0.907213 2.21449
-0.993323 0.00350493
-0.982609 0.373945
-0.953892 0.329488
-0.957103 0.00503985
-0.99768 0.169888
-0.999305 0.00854957
-0.932681 0.0156824
-0.968619 0.0834812
-0.993028 0.125853
-0.752454 0.0194347
0.683381 0.078873
-0.761054 0.00290827
-0.802735 0.00115948
-0.800695 0.696135
-0.937551 0.00383598
-0.815577 0.131674
-0.529768 0.0572396
0.315339 0.0045921
-0.923622 0.024941
-0.96075 0.00540024
-0.967465 0.0470448
-0.664376 0.0223519
-0.842962 0.186556
0.512377 0.00140942
-0.332748 0.00109926
-0.682057 0.00718076
-0.974625 1.73017
-0.922363 0.0819994
-0.435854 0.00148818
-0.606602 0.00967374
-0.894626 0.270084
-0.774286 0.0505901
-0.716768 0.00130865
-0.830775 0.00102208
-0.944464 0.0209216
-0.84706 0.39676
-0.821015 0.00785294
-0.92036 0.00188925
-0.913207 0.0251146
-0.957959 1.00069
-0.878294 0.123267
-0.985644 0.250171
-0.950139 0.464613
0.105313 0.0230578
-0.4105 0.0184414
0.0300995 0.00147248
-0.685775 0.00126108
-0.610045 0.793744
-0.980737 0.00229395
-0.956384 0.0028528
-0.955876 2.26539
-0.987274 0.380972
-0.998164 0.0144229
-0.848655 0.013622
-0.732531 0.835998
-0.980508 0.0139792
0.0799443 0.00730747
-0.730693 0.151155
-0.881688 0.0666629
-0.359216 0.00401568
-0.983861 0.235109
-0.937988 0.090855
-0.881365 0.0124229
-0.995504 0.0556522
-0.994988 0.00212394
-0.855386 0.507293
-0.885624 0.00441325
-0.949048 3.33081
-0.972199 0.00107192
-0.939986 0.626633
-0.963981 0.0112102
-0.835244 0.153312
-0.915111 0.00171958
-0.953564 0.0199155
-0.90879 0.263865
-0.789934 0.017781
-0.944469 0.0030482
-0.988623 0.0807073
-0.956991 0.072853
-0.993753 0.00278739
-0.967049 0.00251458
-0.943573 0.044839
-0.850636 0.0291838
0.478678 0.00150196
-0.545887 0.00470928
0.300739 0.017753
0.134269 0.00177405
-0.885857 0.00922948
-0.864015 0.00407648
-0.995028 0.0023398
-0.827925 0.467419
-0.823274 0.00965804
-0.961218 0.00126488
-0.980964 0.403372
-0.980546 0.00129712
-0.832167 0.00161581
-0.583112 0.672551
-0.909877 0.576883
-0.989352 0.056728
-0.937201 0.00742701
-0.524187 0.00626192
-0.403394 0.0317288
-0.763271 0.0405971
-0.968065 0.00338115
-0.995179 0.0128609
-0.986433 0.208171
-0.456095 0.0107291
-0.517616 0.00312674
-0.890528 1.17986
-0.978894 0.00320347
-0.767318 0.00122007
-0.823582 0.0332843
-0.952902 0.00108179
-0.979262 0.00729381
-0.917075 0.0150733
-0.769625 0.0448315
-0.899375 1.54555
-0.980129 0.0468649
-0.982424 0.213819
-0.797215 0.00713108
-0.511219 3.48052
-0.979133 0.00187555
-0.0500077 0.00357368
-0.880438 1.7886
0.817902 0.00100657
0.915057 0.00333798
-0.562126 0.00101021
-0.902934 0.00258248
-0.771906 0.00106062
0.49182 0.097616
-0.564793 0.00395816
-0.975119 0.00135675
-0.94428 0.13403
0.425811 0.0121437
-0.328222 0.00529237
0.125801 0.0193285
-0.118395 0.0188881
-0.913402 0.0028108
-0.965727 0.00131469
-0.974593 0.0323737
-0.562076 0.0390555
-0.967768 0.312277
-0.974978 0.00552878
-0.993971 2.18526
-0.998495 0.00488508
-0.993354 0.333538
-0.761287 0.00113586
-0.97569 0.19598
-0.949309 2.45393
-0.622663 1.7689
-0.855037 0.00510191
-0.0696604 0.0013883
-0.848168 0.0538367
-0.775256 0.00871395
-0.813704 0.494224
-0.953228 0.0414428
-0.85864 0.00152223
-0.854902 1.98137
-0.859533 0.00247479
-0.95693 0.534651
-0.968093 0.0111626
-0.998339 0.532005
-0.973051 0.00176723
-0.975977 0.00968753
-0.914899 0.00298998
-0.920389 0.118728
-0.832638 0.0566497
0.294924 0.00270191
-0.964383 0.0158405
-0.981521 0.00969337
-0.999232 0.0676226
-0.987142 0.27379
-0.862238 0.0020005
-0.992171 0.00899296
0.136489 0.0297744
-0.591066 0.00210532
-0.984838 0.292717
-0.660575 0.179434
-0.931926 0.0154529
-0.951511 0.00267494
-0.957641 0.00701903
-0.939038 0.399805
-0.99104 2.53327
-0.509272 0.0153152
-0.966142 0.222684
-0.964254 0.537409
-0.978361 0.892905
-0.448606 0.0281439
-0.971267 0.0554332
-0.151354 0.0932909
-0.916845 0.171963
-0.918321 0.22588
-0.954956 0.830421
-0.822807 0.0512388
0.122731 0.127867
-0.90552 0.0288336
-0.896251 0.00257123
-0.968117 3.33595
-0.771728 0.00117016
-0.727158 0.782606
-0.633797 0.0045881
-0.893304 3.093
-0.890059 4.48423
-0.88928 0.0734349
-0.978588 0.126026
-0.981451 0.153524
-0.843693 0.0587101
-0.88382 0.0883286
-0.872447 1.21353
-0.937149 0.00366179
-0.900608 0.0194566
-0.894428 0.139347
-0.885177 0.00964879
-0.822273 0.0226347
-0.960364 0.00254865
-0.693186 0.139807
-0.812625 0.166105
-0.106367 0.625974
-0.74709 0.145792
0.624437 0.0050647
-0.971567 0.0130343
-0.934113 0.0105442
-0.982184 5.0607
-0.97507 0.00197297
-0.874236 0.148991
-0.545694 0.155298
-0.74429 0.00410101
-0.589322 0.0488015
-0.945647 13.2539
-0.979054 0.00132169
-0.85442 0.0390583
-0.881988 0.00201782
-0.904265 0.0566715
-0.977848 0.00186597
-0.513487 0.0330112
-0.706591 0.00459445
-0.817176 0.00100259
-0.748594 0.00116304
-0.932098 0.00369773
-0.985772 0.00924083
-0.924045 0.131244
-0.838174 0.00111774
-0.93722 0.00151961
-0.686925 0.0374368
-0.744577 0.00521122
-0.961765 0.309165
-0.968385 0.165207
-0.88868 0.138957
-0.835819 0.00262115
-0.907596 0.280543
-0.70763 0.00682146
-0.958274 0.00303547
-0.382779 0.217798
0.38552 0.0114727
-0.994673 0.00628922
-0.987849 0.0685819
-0.953759 0.379122
-0.92831 0.0042254
-0.873406 0.00384441
-0.966106 0.124323
-0.910342 0.00146026
0.615503 0.0832801
-0.849815 0.00445445
0.734371 0.00237274
-0.97974 0.00298468
-0.994513 0.0912046
-0.994894 0.0149911
-0.962654 6.90685
-0.934625 0.497106
-0.858691 0.0238551
-0.92444 0.00693198
-0.991238 0.00127246
-0.910607 0.338033
-0.602536 0.00672836
-0.918724 0.00230721
-0.907859 0.0428601
-0.789071 0.040249
-0.842077 0.0103637
-0.782564 0.00304392
-0.324822 0.0326559
-0.9554 0.00638447
-0.995307 0.0016592
-0.122169 0.00566619
-0.916459 0.045158
-0.969843 0.0211843
-0.976052 0.0022676
-0.946516 0.280967
-0.907015 2.91972
-0.990207 0.151384
-0.810189 0.00433503
0.10178 0.00616358
0.175158 0.0374726
-0.938593 0.00602757
-0.836228 0.00832783
-0.653466 0.0594667
-0.64412 0.103154
-0.997801 0.00599783
-0.964912 0.015554
-0.996318 0.00285896
-0.990767 0.278799
-0.976805 0.780276
-0.890446 1.03128
-0.922379 0.733342
0.172399 0.00161979
-0.661445 0.0163986
-0.922828 0.00188061
-0.653942 0.0936999
-0.445606 0.00158633
-0.930186 0.594845
-0.82587 0.0135355
0.153685 0.00385235
-0.123046 0.00578068
-0.890143 0.00896816
-0.868139 0.00380942
-0.994874 0.00861506
-0.819004 0.016325
-0.990989 0.0328519
0.574226 0.0106831
-0.962942 0.00664864
-0.904834 3.33562
-0.953789 0.00177509
-0.97338 1.90336
-0.85186 0.00129351
-0.901962 0.00903611
-0.863029 0.00905717
-0.105497 0.00144538
0.970697 0.00439766
0.290983 0.0965751
0.253388 0.119467
0.839401 0.00162289
-0.186368 0.0137355
-0.197431 0.0274231
-0.96156 0.00825509
-0.59819 0.158975
-0.676135 0.0035691
-0.889098 0.0920458
-0.914815 0.467384
-0.992848 2.37364
-0.954853 0.00137616
-0.934361 0.00470181
-0.998867 0.681944
-0.965909 0.0314833
-0.989946 0.0600899
-0.99481 0.370181
-0.993867 0.0028265
-0.784916 0.0558853
-0.934789 0.00477861
0.0737291 0.00493502
-0.134488 0.0282013
-0.902602 0.156866
-0.572063 0.00121161
-0.796034 0.00820062
-0.917404 0.00817587
-0.89229 0.197833
-0.992093 0.00433042
-0.982923 1.20177
-0.996273 0.00972056
-0.993719 0.00798257
-0.8605 0.0850155
-0.913804 0.209971
-0.984021 0.0478076
-0.882953 0.582831
-0.810159 0.0476857
-0.847278 0.0216789
-0.916979 0.00510243
-0.79346 0.103881
-0.439253 0.00295618
-0.790318 0.0868902
-0.979195 0.00626758
-0.996268 0.445039
-0.90265 0.00609962
-0.926701 0.0365303
-0.806531 0.00518794
-0.820102 0.0120021
-0.811677 0.0681197
-0.95113 0.0562344
-0.962808 0.0613655
-0.388048 0.0161315
0.857351 0.0430736
-0.597401 0.00361471
-0.999839 0.00418478
-0.998571 0.0108837
-0.868791 0.236099
-0.951215 0.0719629
-0.0862981 0.163627
-0.885142 0.11273
-0.881329 1.67181
-0.69551 3.25506
-0.962191 0.0738483
-0.873167 0.00408668
-0.689511 0.00308232
0.188793 0.00248491
-0.269794 0.00134155
-0.846083 0.0206693
-0.715506 0.0119263
-0.837192 0.065296
-0.982147 0.0107482
-0.908455 0.00388323
-0.853922 0.190534
-0.133064 0.0020439
-0.684219 0.00167282
-0.895614 0.0335646
-0.986814 14.4848
-0.960729 0.0641332
-0.989249 0.0108161
-0.973667 0.00168651
-0.987038 0.03212
-0.888302 0.0317967
-0.876405 0.0401895
-0.995424 0.00206212
0.759856 0.0146882
-0.142785 0.00759288
0.152926 0.0239806
-0.997899 1.47834
-0.987142 0.00586778
-0.993597 1.22586
-0.94038 0.00209465
0.110148 0.0803135
-0.834302 0.128237
-0.964293 0.00103682
-0.965988 0.33181
-0.99486 0.00871901
-0.91128 0.00565841
-0.713305 0.224772
-0.533811 0.00357465
-0.977557 0.627819
-0.973763 0.651532
-0.844179 0.00161613
-0.898098 0.570745
0.122428 0.0176477
0.813517 0.00111261
-0.884479 0.126754
-0.7027 0.12524
-0.852965 0.474339
-0.881777 0.724333
-0.939682 0.0119955
-0.813333 0.0758612
-0.882523 0.00116586
0.151223 0.00736188
-0.870065 2.03481
-0.699672 0.00167268
-0.832091 0.0236941
-0.92294 3.31772
-0.802281 0.0279466
-0.117262 0.0471742
-0.994884 0.450682
-0.983136 0.014873
0.549877 0.058324
-0.981565 0.00718796
-0.95395 0.0891224
-0.953813 0.0162604
-0.997674 0.197055
-0.854392 0.0228492
-0.246827 0.00106572
-0.171011 0.00260599
-0.977815 0.175833
-0.933567 0.00355884
-0.917976 0.006473
-0.887023 0.00180296
-0.169115 0.00140463
-0.345154 0.0332491
-0.953464 0.604422
-0.683877 0.0124484
-0.977406 0.0129951
-0.379433 0.00200476
0.0290563 0.00103701
0.294605 0.00174529
-0.509708 0.0535372
-0.869924 0.0696167
-0.929022 2.40868
-0.987226 0.672189
-0.968867 0.898479
-0.755189 0.00161915
-0.673945 0.14966
-0.936675 0.059459
-0.996554 0.211799
-0.990296 0.238859
-0.882592 0.0783167
-0.966452 0.00706885
-0.597423 0.00879888
-0.504304 0.00304622
-0.939541 0.0039374
-0.906319 0.637454
-0.898131 1.36415
-0.747833 0.0853455
-0.973332 0.0112687
-0.995979 0.0311239
-0.5877 0.0123723
-0.774207 0.258821
-0.817129 0.0448493
-0.799816 0.00479557
-0.146231 0.00130766
-0.293185 0.0174927
-0.869249 0.00240542
-0.0130466 0.00492666
-0.902459 0.0127425
-0.856032 0.0457169
0.699739 0.00266301
-0.44839 0.00275509
-0.732758 0.128222
-0.513024 0.00423293
-0.811308 0.0209158
-0.995483 0.0207318
-0.904897 0.0225876
-0.735305 0.00786553
-0.584518 0.203899
-0.632072 0.222162
-0.962042 0.0769707
-0.911774 0.013019
-0.86134 0.00127301
-0.497639 0.15832
-0.900113 0.00194864
-0.895541 0.0177316
-0.965959 1.01925
-0.909489 0.00568476
-0.870881 0.010276
-0.36692 0.343008
-0.904835 0.0712741
-0.168968 0.0486145
-0.729131 0.193507
-0.405604 0.00274565
-0.0616116 0.037107
-0.814146 0.00720981
-0.608319 0.0115882
-0.909704 0.00431673
-0.3454 0.0259829
-0.955349 0.0944116
-0.735327 0.00244004
0.839308 0.00121313
-0.90028 0.00446365
-0.832 0.0116865
-0.813929 0.920279
-0.826902 0.339344
-0.844885 0.00122103
-0.741539 1.39468
-0.995343 0.225415
-0.0240124 0.0185187
-0.364985 0.0194518
-0.851878 0.0210893
-0.999756 0.00493167
-0.655426 0.00214116
-0.616426 0.247636
-0.664523 0.00833336
-0.95277 0.00249819
-0.95845 0.00366909
-0.895972 0.0585258
-0.84543 0.0012502
-0.93001 0.151999
-0.965381 0.618647
-0.925284 0.409599
-0.917646 0.10075
-0.918034 0.559757
-0.940784 0.216774
-0.945689 1.18893
-0.938194 0.329832
-0.957629 0.00255797
-0.900382 0.238379
-0.921186 0.0158868
-0.926558 0.00119834
-0.835411 0.224083
-0.884932 0.00236216
-0.757492 0.00268732
-0.848233 0.00169554
-0.866056 0.0861366
-0.932894 1.64127
-0.986257 0.00935162
0.68042 0.00851215
-0.103565 0.0265263
0.872441 0.0627132
-0.603175 0.176282
0.124144 0.00136594
-0.809488 0.00274219
-0.955929 0.0010969
-0.995717 0.0172983
-0.938924 2.54178
-0.96687 0.0099982
-0.994935 0.0198348
-0.920845 0.00506298
-0.842488 0.0110405
-0.0304255 0.887762
0.790257 0.0177777
-0.94246 0.00529439
-0.978036 0.0631463
-0.803864 3.88669
-0.995204 0.0106777
-0.868948 0.00192655
-0.968058 0.00231949
-0.965539 2.65984
-0.765047 0.00516678
-0.82089 0.0150921
-0.65932 0.00238821
-0.366892 0.00774212
0.79686 0.0124323
-0.960015 0.0382033
-0.153691 0.0023038
-0.822966 0.002142
-0.685396 0.00117888
-0.866344 0.00117326
-0.928102 0.00135412
-0.940858 0.885644
-0.830784 0.163853
-0.800161 0.278065
-0.87062 0.0414358
-0.251456 0.0010344
-0.484544 0.975162
-0.732537 0.364317
-0.825918 0.00785899
-0.672267 0.00488531
-0.667199 0.0111117
-0.661481 0.0403865
-0.868712 0.00610309
-0.587341 0.0360699
-0.958958 0.00828078
-0.995194 0.0048353
-0.970916 0.00322264
-0.6361 0.0011925
-0.992454 0.0148271
-0.993825 0.0417967
-0.924382 0.0102635
-0.870983 0.00474707
-0.845034 0.0691111
-0.907813 0.00160593
-0.727633 0.0793331
-0.772764 0.576051
-0.784723 0.00295556
-0.91229 0.0110462
-0.941565 0.00507036
-0.99816 0.0572215
-0.774811 0.260798
-0.137065 1.25956
-0.964376 0.0436568
-0.937645 1.18986
-0.985137 0.138086
-0.964298 0.0232882
-0.606084 0.11871
-0.941922 0.00288586
-0.376484 0.232343
-0.608643 0.3388
-0.98298 0.00846869
-0.949558 6.89008
-0.938133 0.00778848
-0.866403 1.71931
-0.958055 0.0161523
0.696258 0.0831738
-0.825224 0.00360016
-0.854394 0.0507866
-0.792291 0.061922
-0.930106 0.0512946
-0.667203 0.00102431
-0.82319 0.171716
-0.974066 0.307805
-0.9642 0.763618
-0.890657 0.00185758
-0.998107 0.0630539
-0.979881 0.00553502
-0.988881 0.244762
-0.879617 0.879278
-0.808918 0.00170913
-0.893914 1.52137
-0.929827 0.00154027
-0.87298 0.00281972
-0.93577 0.895452
-0.893527 0.0018945
-0.840075 0.0199297
-0.881985 0.00148935
-0.934611 0.00142392
-0.701593 0.441133
-0.814595 0.00161081
0.728514 0.00293437
-0.313788 0.273152
-0.867048 0.00186745
0.554784 0.109903
-0.834724 0.00311512
-0.404258 0.0971039
-0.443479 0.00567794
-0.679995 1.55054
-0.944654 0.00105814
-0.940129 0.121897
-0.872399 0.0014764
-0.131248 0.00759098
-0.962852 1.48433
-0.959086 3.9221
-0.945591 1.75501
-0.776609 0.471068
-0.399223 0.00708058
-0.939173 0.330113
-0.27723 0.575708
-0.911573 0.0176883
-0.729964 0.344186
0.469631 0.00294749
-0.963831 0.027229
-0.913623 0.0166202
-0.854147 2.29995
-0.956284 0.00349581
-0.842175 0.0230221
-0.914026 0.00735756
-0.962013 0.0490118
-0.704684 0.0331291
-0.725355 0.0181599
-0.716401 0.00259628
-0.923993 0.00194545
-0.987796 0.316455
0.560764 0.00518469
-0.792282 0.00457634
-0.503868 0.0216522
-0.969336 2.16742
-0.98602 0.00202078
-0.972142 0.00274408
-0.964796 0.0969759
-0.952596 0.107667
-0.967224 0.00686859
-0.952642 0.00103568
-0.843465 0.165297
-0.972862 0.254494
-0.690841 0.00191699
-0.952105 6.92997
-0.908686 0.00177701
-0.934231 0.00147478
-0.95811 0.00260146
-0.957656 5.38513
-0.884311 0.0266946
-0.947592 0.00696337
0.234115 0.00145607
-0.988061 1.6178
-0.998349 0.0750943
-0.983803 0.0193392
-0.767779 0.0233549
-0.524826 0.00505674
0.473552 0.00228187
-0.885984 0.00688914
-0.887362 0.0288826
-0.959733 0.0153015
-0.776829 1.00079
-0.40999 0.00295008
-0.805169 0.00222804
-0.97642 1.49198
-0.954163 0.0314555
-0.797144 0.0042713
-0.828769 1.80391
-0.978639 0.165742
0.32348 0.00184891
-0.439289 0.0010631
-0.918305 0.638968
-0.212557 0.00311411
-0.914913 0.00915864
-0.979725 1.39655
-0.967992 0.528805
-0.985958 0.00422503
-0.999121 0.851931
-0.989696 0.268677
-0.988411 0.00801143
-0.865685 0.00439653
-0.741562 0.0019651
-0.836166 0.030317
-0.39975 0.00240249
-0.972815 0.0665613
-0.655762 0.141892
-0.987824 0.277224
-0.626881 0.0132369
-0.905571 0.47238
-0.850918 0.0227385
-0.826826 0.133797
-0.917219 0.460148
-0.934257 0.0112534
-0.958032 0.0458715
0.0510826 0.00128507
-0.367105 0.00163818
-0.716391 0.018564
-0.81225 0.0572646
-0.979305 1.34835
-0.952634 0.00124019
-0.93972 0.00955966
-0.932334 0.0484036
-0.979732 0.0225371
-0.9463 0.00221843
-0.975947 0.316163
-0.966492 0.668067
-0.962933 0.0146762
-0.98361 0.524134
-0.9945 0.0387982
-0.997479 0.0043006
-0.979271 0.132495
-0.92039 0.0118393
-0.905613 0.00580331
-0.928276 0.0271542
-0.968382 0.00459023
-0.926819 0.00345255
-0.894809 0.00293371
-0.989422 0.00888968
-0.981231 0.26464
-0.992935 0.0192122
-0.238106 0.022513
-0.665001 1.27623
-0.754621 0.0104149
-0.869869 0.0804798
-0.939462 0.00234119
-0.92725 0.833127
-0.922624 0.0150372
-0.973704 0.00200717
-0.872307 0.0343827
-0.841889 0.325899
-0.160862 1.26166
0.120554 0.00193431
0.37403 0.00197728
-0.977932 0.00205835
0.338182 0.00983181
-0.0154875 0.00174756
-0.187534 0.0084865
-0.422198 0.133513
-0.648011 0.02824
-0.971654 0.238507
-0.991423 0.18571
-0.96984 0.0015476
-0.994333 0.00750714
-0.99935 0.00387283
-0.974843 0.00241807
-0.49144 0.00986024
-0.557496 0.0139013
-0.939878 0.0303047
-0.847301 1.37047
-0.877622 0.075692
-0.912826 0.296358
-0.952971 0.00424061
-0.95701 0.913305
-0.904295 0.28996
-0.972023 1.91165
-0.992267 0.0115183
-0.624264 0.0134713
-0.255146 0.510999
0.255146 0.510999
-0.852179 0.0225461
-0.980508 0.00170002
-0.876031 0.105574
-0.957879 1.79288
-0.88796 0.869166
-0.774212 0.00839627
-0.958097 0.0101859
-0.945859 0.00155532
-0.997081 0.79476
-0.946696 0.0011744
-0.948451 0.00155906
-0.969822 0.0437787
-0.995518 0.231934
-0.980343 0.491977
-0.949118 0.207847
-0.419599 0.00327511
-0.954277 0.0095209
-0.973418 1.92143
-0.654476 0.00478366
-0.859132 0.00571561
-0.858679 1.6986
-0.785818 0.0138211
0.731177 0.005292
-0.773524 0.0869323
-0.755674 0.00869688
-0.96375 0.206612
-0.930468 0.00117714
-0.898781 0.0248859
-0.980222 0.00964802
-0.962458 0.00421218
-0.97408 4.2053
-0.976209 0.00659613
-0.87638 0.0216921
-0.654492 0.00171958
-0.350864 0.591667
-0.995747 0.00280351
-0.856525 3.12221
-0.962309 0.127863
-0.96921 0.00111363
-0.958686 0.0580809
-0.939454 0.365145
-0.835562 0.141198
-0.819981 0.182548
0.279462 0.013976
-0.509136 0.0379341
-0.348318 1.08705
-0.720013 0.00759895
-0.172348 0.00433925
-0.216674 0.00400915
-0.839724 0.00127541
-0.883028 0.197652
-0.81844 0.0704143
-0.228109 0.00127923
-0.923187 0.0073169
-0.901269 0.270865
-0.647142 0.052791
0.0724538 0.00458667
-0.941274 0.0042037
-0.735269 0.0269787
-0.599145 1.16917
0.0609 0.00336242
-0.313272 0.00122622
-0.45997 0.00879136
-0.929814 0.035489
-0.944477 0.00341224
-0.960334 0.002915
-0.957388 0.0525855
-0.958738 0.0630754
-0.975646 0.766043
-0.96073 0.0465396
-0.873181 0.681746
-0.38603 0.00384568
-0.967959 2.98552
-0.958269 0.00135226
-0.83592 0.493723
-0.90739 0.0821287
-0.950364 7.16801
-0.950436 1.34055
-0.915402 0.0615936
-0.731265 0.00740428
-0.317382 0.00384276
-0.469183 1.28427
-0.769389 0.0174614
-0.909856 1.20682
-0.9867 10.5546
-0.527296 0.00416284
-0.839992 0.0169341
-0.987011 4.60125
-0.97867 0.317085
-0.528829 0.0109675
-0.906028 0.078606
-0.85427 0.0129695
-0.942975 0.00731136
-0.979986 0.0186502
-0.0685601 0.0482305
-0.235882 0.00183443
-0.941938 0.0524078
-0.98016 0.00578163
-0.983713 0.0461175
-0.936873 0.0406979
-0.926536 0.0766822
-0.926505 0.00601079
-0.833132 0.027308
-0.971027 0.00408864
-0.91362 0.00289294
-0.898882 0.00933362
-0.924308 0.00936225
-0.959436 1.18922
-0.981631 0.00680673
-0.959708 0.0147385
-0.986477 0.0440966
-0.594308 0.00133597
-0.847006 0.00154464
-0.759539 0.092395
-0.772983 0.00155749
-0.956187 0.0145186
-0.233633 0.00216298
-0.59275 0.293753
-0.944943 7.73508
0.82344 0.00481988
-0.941487 0.293583
-0.905288 0.00351794
-0.890865 0.467336
-0.978634 0.0819144
-0.913171 0.0254124
-0.88916 0.00794842
-0.859906 0.012329
-0.826266 0.112344
-0.0719045 0.00287917
-0.979396 0.206949
-0.990299 0.0399067
-0.99516 0.0031018
-0.880895 0.00874096
-0.759843 0.0597394
0.0671382 0.00207012
-0.491954 0.374713
-0.851301 4.19609
-0.791971 0.00132392
-0.912933 0.0044443
-0.185499 0.00100326
-0.913389 0.148225
-0.571349 0.19926
-0.979931 0.00103072
-0.475983 0.219275
-0.528976 0.0465582
0.427529 0.0288731
-0.313841 0.734697
-0.859178 0.0294471
-0.168319 0.00399695
-0.906552 0.00779618
-0.98263 0.0929691
-0.206018 0.00279858
0.423998 0.0642367
0.213034 0.00172655
0.368643 0.00629706
-0.647437 0.0473791
-0.93175 0.00103704
0.667398 0.00351713
-0.608005 0.148215
0.80249 0.0356291
0.940107 0.00101234
-0.910561 0.00167222
-0.641134 0.00171364
-0.801523 0.00707979
-0.820773 0.00160606
-0.596335 0.00368835
-0.717565 0.00300175
-0.963628 0.00201583
-0.951698 0.0162899
-0.972022 5.39279
-0.974664 0.283848
-0.958582 0.0122631
-0.997783 0.100593
-0.994325 0.026581
-0.971275 0.135446
-0.955768 0.0177564
-0.998177 0.273868
-0.938204 0.213296
-0.940282 0.308186
-0.989132 0.0588002
0.589139 0.0293597
-0.437257 0.00889814
-0.764332 0.00230274
-0.615829 0.0234892
-0.789067 0.125694
-0.888812 0.0574729
-0.0688237 0.00172423
-0.342226 0.00211602
-0.978268 0.0715325
-0.961833 0.00208506
-0.950342 0.117175
-0.947398 0.0928304
-0.688041 0.0681689
-0.921009 2.16854
-0.8547 0.299011
-0.65293 0.0634395
0.734101 0.00156756
-0.995869 0.0123888
-0.857465 0.0411808
-0.992959 0.00980978
-0.963016 0.00701534
-0.917011 0.00204067
-0.678266 0.933378
-0.964119 0.0134923
-0.323506 0.0020963
-0.543843 0.0412452
-0.438377 0.08635
0.172477 0.039778
-0.675434 0.564989
-0.791385 0.868496
-0.965157 0.00511404
-0.886282 0.00600247
-0.441003 0.0243527
-0.827147 0.00623307
-0.825783 0.228745
-0.943502 0.0611713
-0.265469 0.0539543
-0.436187 0.00607625
-0.914442 0.00215272
-0.623128 0.20513
-0.647235 0.367867
-0.545281 0.0061743
-0.0113988 0.0308707
-0.831674 0.138089
0.746128 0.00606988
-0.475742 0.00810421
-0.909479 0.0281536
-0.389289 0.14542
-0.905983 0.102057
-0.977193 0.00831685
-0.933751 0.632697
-0.976844 0.0122775
-0.978415 1.0398
-0.9561 0.0194436
-0.756414 0.221435
-0.921557 0.206934
0.0455675 0.376869
0.414131 0.00179582
-0.989599 0.00856037
-0.940331 0.00373711
-0.952526 8.51613
-0.99295 0.00161214
-0.902879 2.1243
-0.958834 0.00625581
-0.981282 0.379011
-0.98674 0.505893
-0.987368 0.00227035
-0.973688 0.00166909
-0.642222 0.00254684
-0.974271 0.00120822
-0.853022 0.00251347
0.141875 0.0422536
-0.998367 0.830301
-0.989403 0.00611843
-0.884363 0.00241581
-0.952967 0.00332271
-0.814545 0.0026111
-0.895167 0.00480211
-0.646722 0.0636413
-0.896241 0.204849
-0.222815 0.0483642
-0.743804 0.00395092
-0.739992 0.0173369
-0.99662 0.00210336
-0.998546 0.0271607
-0.987545 1.10923
-0.994047 0.00114313
-0.991562 0.00832411
-0.982454 0.0378106
-0.916452 0.627549
-0.977599 0.686903
-0.972785 0.0753944
-0.973467 0.0409564
-0.937997 0.0178068
-0.72427 0.00613239
-0.944 0.00186768
-0.796076 0.00379148
-0.889323 0.00126915
-0.800901 0.144883
-0.890555 0.0189294
-0.761765 0.00595557
-0.682694 0.0117663
0.635495 0.00138956
-0.523406 0.0377196
0.745978 0.00530752
-0.686388 0.568771
-0.987773 0.00318388
-0.982522 0.00220636
-0.937758 0.00105835
-0.972302 0.0166671
-0.87157 0.00413831
-0.947336 0.283267
-0.935468 0.00210643
-0.704853 0.0354542
-0.585599 0.124117
-0.707998 0.0099059
-0.863699 0.0397713
-0.333749 0.0141898
-0.870994 0.0585447
-0.885007 0.00129564
-0.956701 0.0801041
-0.748535 0.00267284
-0.249697 0.00331536
-0.669976 0.00428971
0.0548829 0.00257964
-0.615623 0.237892
-0.757505 0.195439
0.2831 0.058828
-0.626178 0.0192348
-0.37308 0.00323361
-0.984611 0.0139079
-0.582556 0.00123763
-0.920139 0.0515517
-0.957572 1.21025
-0.903755 0.00202182
-0.964331 0.174612
-0.580421 0.00633575
-0.223832 0.0102529
-0.74334 0.00118611
0.710776 0.034522
-0.325094 0.0012184
-0.984372 0.0693991
-0.801685 0.058672
-0.952521 0.0040109
0.127427 0.00107731
0.398024 0.0982729
-0.961789 0.0010427
-0.89873 0.0238372
-0.813728 0.00232077
-0.334875 0.00548727
-0.842664 0.0574065
-0.966584 0.00284145
0.855808 0.350641
-0.499266 0.00857227
-0.978617 0.0231935
-0.805485 0.479171
-0.921683 0.00247717
-0.672099 0.445367
-0.882118 0.181559
-0.825522 0.00328207
0.145422 0.00527152
0.358775 0.00177768
0.518121 0.00284106
-0.801482 0.0352877
-0.945778 0.383737
-0.881824 0.00266629
-0.932241 0.13408
-0.988376 0.0254313
-0.683705 0.0110906
-0.968651 0.0266742
-0.915041 0.397805
0.246035 0.00165794
-0.888717 0.0357356
-0.993739 0.196734
-0.954058 0.139378
-0.946644 0.763873
-0.993802 1.29229
-0.994674 0.00670828
-0.910486 0.0130508
-0.886779 0.0075396
-0.379052 1.75611
-0.633835 0.00300764
0.51785 0.00263696
0.224612 0.00120695
-0.968947 0.00444403
0.0390719 0.00535765
-0.990771 0.515327
-0.994935 0.120276
-0.956916 0.0106569
-0.943246 0.00523138
-0.943032 0.119344
-0.955272 0.00373031
-0.959728 0.0659548
-0.512865 0.00757056
-0.832584 0.00100345
-0.915532 0.306176
0.0559077 0.0218145
-0.935476 0.00112744
-0.540829 0.0130287
-0.552998 0.0146395
-0.631209 6.86783
-0.858149 0.0340252
-0.484569 0.00220758
0.857913 0.0126549
0.162198 0.00422596
-0.891372 0.119148
-0.997914 0.00489536
-0.983935 0.558998
-0.979709 0.0193462
-0.995133 0.0427575
-0.106162 0.016608
-0.987886 2.61824
-0.816111 0.701666
-0.509514 0.00375465
-0.963581 0.267584
-0.844003 0.014794
0.0192492 0.325624
-0.617321 0.00486005
-0.790866 0.00421439
-0.941232 0.187387
-0.99107 0.0621422
-0.919017 1.76309
-0.954208 1.33789
-0.981974 0.0270806
-0.927227 0.0778709
-0.965447 0.0246845
0.602458 0.00434067
0.231477 0.031992
-0.990192 0.0962295
-0.860106 0.12853
-0.355982 0.135107
-0.898104 0.0406086
-0.365233 0.112884
-0.970554 3.81033
-0.942984 0.0115837
-0.806994 0.0393198
-0.930032 0.106075
-0.98489 0.0188373
-0.586321 0.00491976
-0.449177 0.07942
-0.93106 0.00571837
-0.980629 0.00588819
-0.982068 0.0728579
-0.997526 0.0302424
-0.99204 0.00423471
-0.885882 1.66558
-0.909103 0.0395009
-0.87301 0.00139458
-0.960625 0.0708507
-0.994709 0.0794521
-0.969843 0.0217202
-0.628209 0.128598
-0.136847 0.00166939
-0.879258 0.00111351
-0.844743 0.00637657
-0.969784 0.00961267
-0.994722 0.00842294
-0.997557 0.00198366
-0.983422 0.00681978
-0.972326 0.00306538
-0.966633 5.07487
-0.949822 0.285716
-0.866825 0.248329
-0.701719 0.00837582
-0.864263 0.0211991
-0.50169 1.50744
-0.768301 0.017342
-0.881213 0.00680705
-0.871721 0.0122286
-0.905224 0.213555
-0.879093 0.00185351
-0.644704 0.0200388
-0.944162 2.54779
0.116824 0.00228291
-0.726213 0.0107668
-0.851546 0.00119429
-0.603068 0.527872
-0.944136 0.00210589
-0.902873 0.00384278
-0.654168 0.027409
-0.902482 0.0925695
-0.77568 0.227883
-0.336315 0.0143305
-0.982215 0.00775853
-0.995594 0.38781
-0.994894 0.268011
-0.994853 0.0789101
-0.983556 1.3997
-0.948478 0.023956
-0.753611 0.293203
-0.898976 0.00181686
0.814467 0.00111615
-0.976763 0.0101133
-0.959714 0.00374155
-0.840572 0.650561
-0.940989 0.0472963
-0.917467 0.00203032
-0.679686 0.0135622
-0.814047 0.0226631
-0.9614 0.0359498
-0.950349 0.157346
-0.976513 4.28775
-0.951633 0.00739759
-0.897155 0.00730547
0.159815 0.00477322
-0.949805 0.00200462
-0.698286 2.8958
0.605556 0.00169533
-0.915476 0.00885235
-0.956172 0.0143028
-0.9672 0.00131541
-0.669412 0.000999362
-0.909233 0.128016
-0.926628 0.483422
-0.784561 0.00431544
-0.885764 0.714997
-0.895603 0.46004
-0.732109 0.00719137
-0.632927 0.00908127
-0.60079 0.0444984
-0.713719 0.149266
0.901084 0.00218761
-0.20261 0.00270601
-0.525348 0.00304986
-0.99587 0.0407732
-0.981697 0.256392
-0.992577 0.00475551
-0.883202 0.0116225
-0.982678 4.43968
-0.635068 2.0089
-0.962897 0.290825
-0.947017 0.060297
-0.934025 0.0107123
-0.988658 0.170778
-0.976256 1.86055
-0.969564 0.0333629
-0.951062 0.00430144
-0.957583 0.072923
-0.888263 0.061166
-0.950284 0.00395732
-0.953146 0.0233157
-0.996717 0.00540924
-0.991743 0.0187914
-0.721011 0.00105594
0.66595 0.00180676
-0.250526 0.410536
-0.654799 0.266471
-0.980754 0.00152724
-0.937635 0.366101
-0.874245 0.00789731
-0.898884 0.0135026
-0.922846 0.0020165
-0.364856 0.00676969
-0.975056 2.20676
-0.988487 0.00176773
-0.984655 0.0459814
-0.992406 0.00297337
-0.789119 0.00603686
-0.680786 0.0455815
-0.218877 0.00396126
-0.656439 0.0044388
0.946201 0.0376808
-0.975748 1.22558
-0.751579 0.698761
-0.778813 0.00153779
-0.452469 0.0123654
0.0770417 0.00256911
-0.974616 0.0879925
-0.571969 0.0895604
-0.929598 0.00301524
-0.157599 0.00141398
-0.813479 0.00608436
-0.897816 0.0123264
-0.978663 0.0618949
-0.891466 0.216891
0.0397793 0.00655428
-0.886277 0.251534
-0.937051 0.00317075
-0.975629 0.143702
-0.973624 0.223848
-0.785827 0.0364485
-0.91373 0.126293
-0.960702 0.0140649
-0.827299 0.00163898
-0.56844 0.123007
0.201374 0.00534243
-0.946629 0.00565204
-0.700646 0.0154281
-0.883392 0.0047444
-0.766786 0.118224
-0.867117 3.82037
-0.927256 1.27798
-0.995975 0.127134
-0.949275 0.258329
0.459906 0.00478975
-0.742871 0.00113302
-0.667628 0.0116602
-0.927711 0.00497619
-0.958813 0.0604077
-0.92475 0.169794
-0.994914 0.00276043
-0.958527 0.00441508
-0.955905 0.137773
-0.926484 0.0051227
-0.982488 1.84881
-0.982402 0.0139073
-0.789529 0.193562
-0.966661 0.0174976
-0.548708 0.0164471
-0.243594 0.116835
-0.922954 0.0732007
-0.895267 8.3914
-0.744228 0.00229795
-0.34163 0.00539715
-0.0548719 0.0665039
-0.871739 4.28179
-0.963032 0.14394
-0.877763 0.00378791
-0.576871 0.345819
-0.998544 0.20526
-0.969629 2.03902
-0.957522 0.0026301
-0.945231 0.0103707
-0.981417 0.0343424
-0.958569 0.341157
-0.932392 0.00323979
-0.978833 0.0217733
-0.998213 2.27962
-0.945058 0.00222166
-0.987086 0.0607907
-0.789603 0.511256
-0.984997 0.00408247
-0.948997 0.253787
0.680083 0.0406457
-0.875818 0.0241907
-0.750198 0.0208001
-0.923435 0.0547573
-0.778251 0.0536559
-0.611403 4.92233
-0.929647 0.0108425
-0.939659 0.00822413
-0.961696 4.00523
-0.991834 0.212696
-0.909763 0.0589137
-0.978502 0.137052
-0.900053 0.00220753
-0.91276 0.0146319
-0.986664 0.00415887
0.307102 0.00166031
0.377929 0.00149674
-0.231215 0.0213078
-0.912593 4.89717
-0.98122 0.0255542
-0.984957 0.059336
-0.98925 0.6009
-0.74001 0.236526
0.408566 0.00102025
-0.998502 0.0128166
-0.862816 0.0298586
-0.89071 0.474982
-0.613462 0.00431012
0.280579 0.0299843
-0.298195 0.00172215
-0.731971 0.00168814
-0.909889 0.0034751
-0.895224 0.00203163
-0.778036 1.31916
-0.730325 0.00388482
-0.980715 0.00558112
-0.97749 0.075664
-0.861601 0.168082
-0.865439 0.00423484
-0.668095 1.55755
-0.71473 0.144144
-0.177559 0.00551227
-0.72909 0.0860091
-0.946112 0.0173118
-0.703051 0.00117526
-0.0343148 0.140852
-0.0501339 0.739246
-0.8694 0.00260106
-0.996703 0.0772614
-0.920621 0.0251999
-0.810879 0.408256
-0.828736 0.0457885
-0.798262 0.202141
-0.258698 0.498756
-0.880594 0.371764
-0.898916 2.33633
-0.898482 0.0623475
-0.968747 0.134501
-0.590052 1.07558
-0.413376 0.00312501
-0.91666 2.06435
-0.879251 0.0656137
-0.773114 0.00477872
0.880609 0.00314716
0.777002 0.00992441
-0.704291 0.030224
-0.58199 0.015942
-0.945759 0.0079465
-0.996511 0.00310771
-0.937642 0.00167395
-0.996333 0.00155414
-0.989965 0.381284
-0.574696 0.00331962
-0.368708 0.199351
-0.93716 1.09765
-0.989929 0.00188246
-0.684014 0.0218162
-0.824183 0.015397
-0.912151 0.00167891
-0.97057 0.0115085
-0.461288 0.0181387
-0.16917 0.0558889
-0.925679 0.042943
-0.844659 2.15481
-0.940876 0.00310579
-0.939247 0.0389205
-0.961957 0.00155476
-0.978039 0.126072
-0.971727 0.00123239
-0.901738 0.00776909
-0.966713 0.00839947
-0.797969 1.14545
-0.889573 1.10561
-0.766856 0.0377632
-0.817001 1.00403
-0.30805 0.00140816
-0.747295 0.00513522
-0.973122 3.12097
-0.929939 0.0834135
-0.93528 0.0260715
-0.93456 0.0125848
-0.927013 0.00861779
-0.963267 0.00339508
-0.95879 0.3071
-0.801682 1.11245
-0.795408 0.182981
0.272237 0.147882
0.366327 0.0130611
0.83872 0.00170121
0.0804471 0.047329
-0.912315 0.00972115
-0.870209 0.00138366
-0.979318 0.00479003
-0.872812 0.0322397
-0.909961 0.552656
-0.734779 0.00156225
-0.555346 0.032857
-0.191407 0.211406
-0.923504 1.44332
-0.808501 0.110065
-0.367672 0.0246552
-0.922439 1.38936
-0.827736 0.242305
-0.863772 0.00102941
-0.813278 0.627229
0.294091 0.0156467
-0.914911 1.61335
-0.948257 0.00199214
0.154016 0.00320577
-0.140061 0.00384155
-0.992662 0.00100313
-0.985829 0.00336784
-0.990554 0.319894
-0.985134 0.5546
-0.949173 0.030256
-0.90464 0.513962
-0.774667 0.0181681
0.0293018 0.00134323
-0.885547 0.0109143
-0.665187 1.851
-0.749368 0.117571
-0.477184 0.00106602
-0.890716 0.0369182
-0.983534 0.00405299
-0.97992 1.78521
-0.990215 0.0513771
-0.98962 0.0130969
-0.898809 0.87113
-0.936419 0.0298925
-0.941049 0.420585
-0.927459 0.0944089
-0.675395 0.0158386
-0.907286 0.133381
-0.981315 0.0315012
-0.967105 0.00452646
-0.97587 1.19926
-0.988046 0.0131381
-0.982685 0.166061
-0.944874 0.179096
-0.970383 0.00337189
-0.983498 0.0413794
-0.978193 0.0026491
-0.996271 0.00814889
-0.918119 0.00264449
-0.74634 0.100291
0.665786 0.00231136
-0.894927 0.00452905
-0.283753 0.109942
-0.650241 0.0109225
-0.998099 0.00266246
-0.893731 0.00334853
-0.585115 0.00656884
-0.7399 0.214618
-0.885966 0.00396564
-0.804539 0.0153981
-0.964842 0.0109543
-0.702633 0.0722506
0.0165579 2.24838
-0.337471 0.00863718
0.00427519 0.0223207
-0.89527 6.40102
-0.990245 0.0223924
-0.972079 0.0884909
-0.943438 0.00224629
-0.971146 0.031505
-0.952016 0.00378274
-0.396998 0.0151817
-0.998707 0.0273923
-0.801895 0.00266373
-0.242413 0.246957
0.97771 0.00180655
-0.0629792 0.00290779
-0.197591 0.00150642
-0.940864 0.0441117
-0.922382 0.00571578
-0.916644 0.257744
-0.944401 0.0351
-0.938034 0.00201472
-0.937297 0.0174759
-0.816415 0.0207914
0.335137 0.00103321
-0.418808 0.00544594
0.0244035 0.0139916
-0.683899 0.00113858
-0.710699 0.17143
-0.61364 0.019414
-0.973586 0.0148042
-0.960924 0.0380316
-0.835596 0.022284
-0.922784 0.253735
-0.805525 0.115006
-0.953466 0.0887492
-0.955317 0.0870781
-0.942656 0.00122722
-0.975604 0.11261
-0.924881 0.013981
-0.879708 0.00314042
-0.072432 0.0219576
-0.814822 0.00210696
-0.914968 7.14754
-0.990954 0.937451
-0.855553 0.79007
-0.822402 0.00907983
-0.996634 0.0431694
0.569497 0.00418169
-0.453156 0.00267367
-0.64904 1.57313
-0.165753 0.00297845
-0.873165 0.0607019
-0.962882 0.109072
-0.795432 0.00177517
0.60121 0.0360915
0.764081 0.0147592
-0.794457 0.0113473
-0.877193 0.000991924
-0.733064 6.08535
-0.888013 0.112733
-0.910789 0.00135709
-0.958873 0.0162065
-0.934992 0.0472743
0.517198 0.0192768
-0.667007 1.94048
-0.723107 0.00110274
-0.762147 0.275473
-0.745326 0.00819176
-0.378099 0.0232454
0.732283 0.00141118
-0.569333 0.00248437
-0.660751 0.034755
-0.909872 0.00104909
-0.982014 0.0119103
-0.888213 0.00201742
-0.957127 0.752088
-0.938666 0.00191707
-0.95143 0.0118724
-0.980252 2.56245
-0.975925 0.0143578
-0.80099 0.16217
-0.993314 0.0961147
-0.604903 0.00149549
-0.911017 0.0216558
0.874696 0.00882861
-0.715767 0.00537129
-0.986124 4.06608
-0.906015 0.0119717
-0.96082 0.00733841
-0.99348 0.0175543
-0.997707 3.45211
-0.95711 0.0397644
-0.993381 0.00148925
-0.894822 0.0743383
-0.906111 0.0102918
-0.827602 0.00101562
-0.916157 1.29491
-0.592084 0.00178228
-0.995884 0.0788857
-0.98342 0.862758
-0.880627 2.96332
-0.748337 0.67774
0.866055 0.00123704
-0.276373 0.00352947
-0.366152 0.244857
0.110023 0.00153421
-0.930433 0.0012229
-0.90507 0.111451
-0.898725 0.00209739
-0.751395 0.661153
-0.195681 0.0307696
-0.907546 0.147227
-0.0813601 0.00736389
-0.744732 0.0446071
-0.998134 0.00423692
-0.967009 0.00127125
-0.982089 0.175213
-0.990028 0.0022054
-0.993033 0.00363619
-0.85499 0.008056
-0.97821 1.28181
0.567865 0.00129587
-0.773853 0.0105165
-0.557607 0.0236817
-0.0997282 0.0083279
0.258059 0.0020984
-0.778862 0.00941554
-0.838752 0.447967
-0.857224 0.0032137
-0.985552 0.0296237
-0.95542 0.0067428
-0.865617 0.00131568
-0.991 0.110517
-0.833788 0.0969321
-0.554415 0.0049007
-0.735744 0.0422017
-0.280544 0.312699
-0.908883 0.00718038
-0.846099 0.0165763
-0.991928 0.0600326
-0.99576 2.95401
-0.976921 0.00317317
-0.956567 0.0893667
-0.901606 0.00188101
-0.967582 0.00169242
-0.907859 0.00466203
-0.72281 0.135267
-0.190406 0.00192549
-0.404765 0.00158685
-0.911638 0.294313
-0.942455 0.0141612
-0.923711 0.0667315
0.40631 0.00267868
-0.518812 0.184442
-0.809951 0.000996538
-0.973784 0.00918877
-0.712241 0.122409
-0.979022 0.0183401
-0.951609 0.195454
-0.864032 0.173063
-0.415924 0.0962602
-0.91573 0.0528542
-0.195722 0.0248186
-0.890298 0.087258
-0.889719 0.0187327
0.566604 0.0049044
-0.97857 0.0166703
-0.852353 1.81335
-0.901279 0.0244383
-0.995627 1.98475
-0.850562 0.00236702
-0.966808 0.410836
0.963304 0.00320205
-0.608971 0.929922
-0.82143 0.00122916
-0.83828 0.0310374
-0.483885 0.00151136
0.839759 0.00228632
-0.478357 0.0261515
-0.804983 0.00139412
-0.698134 0.00831769
-0.989091 1.20264
-0.985509 0.369409
-0.96732 0.0174132
-0.853479 0.00119624
-0.941072 0.0346968
-0.818734 0.00118852
-0.847151 0.024732
-0.932351 0.0139282
-0.888494 2.8535
-0.987665 0.0558046
-0.988545 0.00152376
-0.953712 0.0075946
-0.807732 0.00268386
-0.819667 0.00673126
-0.932293 0.446405
-0.933987 1.22064
-0.366516 0.0231843
-0.487149 0.00463258
-0.74888 0.132673
-0.19534 0.00137451
-0.952872 0.272844
0.554178 0.00453186
-0.995772 0.00247154
-0.798621 0.0553007
-0.998121 0.00918301
-0.621581 0.0455823
-0.897987 0.016535
-0.853089 0.00105975
-0.94161 0.010293
-0.963437 0.0203105
-0.999415 0.00636066
-0.989196 0.00335447
-0.971707 0.297084
-0.961472 0.00989466
-0.94701 0.270449
-0.445862 0.00408418
0.358242 0.0508847
0.474118 0.00187898
-0.957908 1.20423
-0.659764 0.0508099
0.0405071 0.106472
-0.994317 0.0133284
-0.993311 0.0014555
-0.990298 0.0288199
-0.845406 0.0106324
-0.910795 0.808774
-0.945136 0.0038112
-0.974236 0.00533701
0.17638 0.0125395
-0.957795 0.0257471
-0.962288 0.0314863
-0.963267 0.0309065
-0.9816 0.00234999
-0.95412 3.72003
-0.950151 0.537195
-0.894625 0.222099
-0.875958 0.668654
-0.919307 0.00105848
-0.747712 0.310821
-0.495209 0.00131273
-0.999267 0.00250678
-0.937955 0.00202802
-0.797765 0.00408726
-0.991881 0.026815
-0.955123 3.02441
-0.921126 2.85032
-0.928675 0.0077444
-0.886041 0.0496361
-0.722678 0.00697089
0.656247 0.0124182
-0.772517 0.00112735
-0.763522 0.00283554
-0.554969 0.552022
-0.246376 0.0197998
-0.921676 0.00537475
0.313497 0.0248081
-0.8723 0.04383
-0.921115 3.01994
-0.900066 0.210989
-0.893814 1.13154
-0.963942 0.00264691
-0.897738 0.00310136
-0.698333 0.00618509
-0.906904 0.00666116
-0.84814 0.00621399
-0.997851 6.74701
-0.983835 1.80427
-0.64689 0.00111187
-0.0732927 0.231381
-0.185903 0.0309702
-0.95497 0.108124
-0.744172 0.00262856
-0.606597 0.018873
-0.687184 0.206273
-0.204756 0.00174295
-0.794311 0.00205948
-0.903572 0.00249215
-0.244367 0.0867599
-0.642414 0.00711473
-0.808539 0.00392885
-0.627215 0.103883
-0.908403 0.00509323
-0.942865 1.87695
-0.98755 0.00110121
-0.923876 0.00111534
-0.80405 0.00121328
-0.838955 0.0821333
-0.896161 0.00161824
-0.882007 0.0140446
-0.906677 0.510999
0.906677 0.510999
-0.842835 0.0859421
-0.240958 0.00213546
-0.472702 0.0962918
-0.907272 0.0663544
-0.964447 0.00212574
-0.930423 1.2711
-0.918242 0.00200955
-0.889002 0.0329177
-0.580288 0.0139612
-0.878626 6.29843
-0.800797 0.00362221
-0.829635 0.0166896
-0.868873 0.00334242
-0.809105 0.0550767
0.0734342 0.030408
-0.994724 0.013154
-0.936548 0.00350864
-0.761337 1.85126
-0.971679 0.00280265
0.251805 0.0211386
-0.409771 0.00403748
0.217224 0.0417808
-0.703176 0.161714
0.0598387 0.486936
-0.900212 0.00590415
-0.84563 0.00109376
0.559726 0.0140521
-0.428812 0.00125878
0.488104 0.00704023
-0.987472 0.00372367
-0.840585 0.946905
-0.996548 0.048753
-0.991141 0.627444
-0.999755 0.0338409
-0.968894 0.0668363
-0.926307 0.00375352
-0.97232 0.0031569
-0.924789 0.020463
-0.946102 0.00223232
-0.997345 9.97955
-0.969891 0.00288971
-0.866199 0.024848
-0.912556 0.00766481
-0.920466 0.00453487
-0.896497 0.0962441
-0.658664 0.324929
-0.817783 0.0113855
-0.874311 0.00167697
-0.968199 2.41636
-0.85719 1.20491
-0.855819 0.890639
-0.939615 0.00229635
-0.295319 0.0063533
0.0975537 0.00350776
-0.632015 0.0105355
-0.725946 0.511217
-0.738855 0.0935316
-0.621708 0.02919
0.557498 0.0023735
-0.939339 0.0336063
-0.765269 0.0024147
-0.944975 0.181393
-0.880739 0.0278649
-0.55479 0.0113213
-0.867931 0.00141044
-0.990615 2.19676
-0.917515 0.265742
-0.958215 1.77155
-0.758724 0.0162402
0.637451 0.00104752
-0.844416 0.0337834
-0.795166 0.00146946
-0.899058 0.0116337
-0.867733 0.0337934
-0.721644 0.184067
-0.810491 0.0813215
-0.835531 0.00664934
-0.985064 0.0132205
-0.99996 2.09943
-0.750495 0.047946
-0.758749 0.0815708
-0.691202 0.0197353
-0.364366 0.151224
-0.94903 0.00514069
-0.920722 0.0042299
-0.889188 0.262887
0.40354 0.00618521
-0.415176 0.299758
-0.852369 1.53021
-0.906352 0.0833971
-0.88714 0.114899
-0.312447 0.211788
-0.918314 0.0599039
-0.574421 0.0446389
-0.985162 0.00685968
-0.761826 5.42472
-0.734886 0.00361238
-0.312141 0.00131053
-0.390989 0.00615663
-0.964373 0.818519
-0.811763 0.0131118
-0.934922 0.0559123
-0.986153 0.00114115
-0.785703 0.0427566
-0.285861 0.0339307
-0.899478 0.0103586
-0.711362 0.0139155
-0.943166 0.0505825
-0.984855 0.184255
-0.969218 0.00402516
-0.936047 0.329585
-0.758463 0.0774384
-0.882735 0.00798915
-0.979937 0.00125448
-0.991494 0.171682
-0.827847 7.03699
-0.441684 0.0480777
-0.213544 0.00122593
-0.683254 0.0142058
-0.910221 0.00221325
-0.709429 0.00163681
-0.858157 0.0114874
-0.85418 0.319973
-0.854039 0.0133044
-0.666982 0.109799
-0.424081 0.00263777
-0.450395 0.01306
0.370733 0.00109886
-0.999187 0.00336255
-0.995737 0.00166879
-0.995311 0.0115565
-0.972748 0.458911
-0.975372 0.00461367
-0.697329 0.00849097
-0.999751 2.22112
-0.995179 0.00285364
-0.867 0.775446
-0.980633 0.462543
-0.187701 0.00407968
-0.940486 0.0218333
-0.996724 0.0372877
-0.926082 0.0173502
-0.966228 1.78406
-0.831118 0.0985408
-0.782146 0.00671657
-0.897295 0.00562631
-0.978936 2.76296
-0.597395 0.113372
-0.806362 0.336514
-0.695558 0.00706089
0.271427 0.00143049
0.00317592 0.00985978
0.399701 0.0210422
-0.496929 0.0034376
0.312014 0.00123466
-0.481529 0.499341
-0.936768 0.0510117
-0.879835 0.117401
-0.974658 0.377688
-0.948247 0.0789017
-0.973737 0.272901
-0.944888 0.880339
-0.881489 0.00763934
-0.773467 0.102557
-0.938957 0.00521291
-0.992282 0.0062413
-0.506321 0.00856304
-0.989636 0.243734
-0.873515 0.14349
-0.822233 5.55347
-0.959036 0.00228872
-0.887288 0.00172912
-0.992531 0.0108409
-0.971326 0.00460223
-0.720606 0.0112817
-0.787085 1.13977
-0.915246 0.0265769
-0.971005 0.00365608
-0.666554 0.0450345
-0.205983 0.00122801
-0.965024 1.11071
-0.95976 0.161243
-0.84767 0.0118015
-0.925735 0.0653975
-0.532188 0.0108901
0.783291 0.0012515
-0.967162 0.00255521
-0.990067 0.499518
-0.992536 0.0264121
-0.366885 0.0363362
-0.544767 0.00104355
-0.908011 0.0415076
0.161262 0.00157575
-0.985291 0.817056
-0.501964 0.0573891
-0.787883 0.0454992
-0.530308 0.154571
0.0804824 0.068518
-0.872302 0.164597
-0.991607 0.0975186
-0.942652 0.0132338
-0.893926 0.782665
-0.997274 0.0733244
-0.867179 0.0153401
-0.751265 0.0238865
-0.978595 0.995425
-0.935915 0.00831219
-0.919973 0.00169204
-0.766628 0.0129631
0.171967 0.00109074
-0.435406 0.00613949
-0.992643 6.79964
-0.964312 0.00543049
-0.948893 0.00638632
-0.765209 0.149295
-0.960275 0.530424
0.573252 0.0830843
0.771946 0.0508047
-0.872146 0.00418684
0.327667 0.979306
0.373562 0.0070999
-0.807474 0.033425
-0.555391 0.00305792
-0.951362 0.00112692
-0.970084 0.00338972
-0.923244 0.00436935
-0.905176 0.060044
-0.916914 0.00482468
-0.831452 0.0946329
-0.125462 0.00203487
-0.952132 0.691665
-0.905103 0.0044852
-0.412554 0.0185131
-0.969196 0.0273994
-0.98583 0.00547351
-0.728921 0.00564897
-0.82452 0.00608625
-0.732815 0.0473028
-0.420197 0.0185985
-0.65455 0.00522221
-0.947921 0.431092
-0.841358 0.0863449
-0.719584 0.225097
-0.887575 0.00913782
-0.969631 2.50099
-0.987669 0.552599
-0.855744 0.00486263
-0.92479 0.00368477
0.919381 0.00149495
0.0342066 0.0462654
-0.736685 0.00488383
-0.94428 2.29724
-0.983915 0.384293
-0.999479 0.0213468
-0.966543 0.762058
-0.990328 0.032983
-0.331631 0.00246746
-0.918363 0.00125064
-0.810591 0.0358791
-0.800174 0.00533462
0.119036 0.0450571
-0.754879 0.00252156
-0.948207 0.222837
-0.814145 0.00647698
-0.100773 0.00973246
-0.938078 0.0120672
0.14726 0.00290028
-0.430874 0.0459069
-0.987749 1.0306
-0.990252 0.0303844
-0.675522 0.0214723
-0.551515 0.0041105
0.0173438 0.0049635
-0.494955 0.00323671
-0.990689 0.235986
-0.218747 0.0035537
-0.491167 0.809653
-0.954398 0.00392507
-0.805205 0.0318031
-0.189288 0.0450105
-0.998082 0.0406252
-0.991296 0.241385
-0.906112 0.0284661
-0.157425 0.0952094
-0.735922 3.02699
-0.813998 0.00112454
-0.808051 0.0600561
-0.875943 0.00205353
-0.981357 0.00913877
-0.956235 0.226784
0.508326 0.00124014
-0.378743 0.0335032
-0.872058 0.0130801
-0.903117 0.00103787
-0.935999 0.0128577
-0.981336 0.198024
-0.98534 0.0189875
-0.988049 0.0757523
-0.9783 0.154142
-0.967761 0.0243519
-0.791761 0.303536
0.0115335 0.0332573
-0.787833 0.00421489
-0.899273 0.0366133
-0.988214 5.04701
-0.96846 0.474817
-0.877998 0.00763887
-0.918825 0.0415961
-0.869906 0.0260649
0.555976 0.108394
-0.826176 0.0179034
-0.987042 0.00221584
-0.964098 0.00510578
-0.961726 0.353864
-0.977041 0.578164
-0.698583 0.0200938
-0.876217 1.59018
-0.963973 8.68713
-0.991144 0.00189746
-0.856283 0.293976
-0.989119 0.00667681
-0.741333 0.16403
-0.889871 0.119962
0.764671 0.00439748
-0.271608 0.0031289
-0.891533 0.0119239
-0.929553 0.116744
-0.99517 0.00543794
-0.974429 0.0106358
-0.891917 0.0812896
-0.768105 0.0486794
-0.547351 1.40602
-0.664307 0.00165372
-0.286093 0.305202
-0.865932 0.0728134
-0.962351 0.640451
-0.908002 0.157543
-0.923859 0.00769284
-0.792309 0.00371392
-0.893652 0.0187099
-0.753232 0.0338001
-0.942423 0.144879
0.958899 0.00275439
-0.933764 0.00380458
-0.994289 0.00465721
-0.647434 0.0590412
-0.724277 0.0398209
-0.865835 0.00340125
-0.904951 0.112093
-0.988356 3.32749
-0.950735 0.00152947
-0.912279 0.00643122
-0.975662 0.00820615
-0.774963 0.0072228
-0.71687 0.0439996
-0.30548 0.821835
-0.505602 0.00192313
0.146097 0.00111571
-0.85002 1.09088
-0.917922 0.0014626
-0.923515 0.690579
-0.938339 0.898921
-0.949949 0.029837
-0.939659 0.0133978
-0.941487 0.144258
-0.972189 1.80935
-0.951203 0.00104141
-0.84514 0.0433862
-0.932164 0.00243191
-0.695166 0.00103195
-0.884484 0.00240772
-0.97224 0.016149
-0.912186 0.00949527
-0.627681 0.00105843
-0.139559 0.0285853
0.127347 0.086422
-0.801421 0.00324126
-0.985588 0.222483
-0.977072 0.056216
-0.927363 0.00970901
-0.852241 0.011387
-0.952038 0.00387677
0.216543 0.0161859
-0.5495 1.85743
-0.910728 0.252541
-0.849591 0.0344403
-0.527802 0.0298472
-0.5151 0.0199544
-0.920344 0.210306
-0.975401 0.00286488
-0.983293 0.00117967
-0.945315 0.859697
-0.982541 0.00186268
-0.956066 0.0384515
0.708735 0.00147159
-0.720992 0.00414184
-0.592586 0.0466565
-0.773962 0.0265611
-0.959872 0.239574
-0.877884 0.564561
-0.880544 0.555003
-0.988096 0.020524
-0.891938 1.79166
-0.683757 0.166634
-0.790289 0.00265667
0.81845 0.00855158
0.580297 0.0141487
-0.784761 0.00766554
-0.983298 0.0176175
-0.972442 0.149562
-0.691938 0.0102372
-0.939838 0.0962644
-0.707373 0.00896868
-0.727503 0.0767142
0.680069 0.0112335
-0.1403 0.180648
0.0717198 0.00706174
-0.668442 0.00280436
-0.396167 0.00102316
-0.672381 1.21164
-0.144973 0.0292979
-0.915482 0.0384348
-0.951464 0.00116767
-0.95599 3.94551
-0.94754 0.181777
-0.95489 0.112971
-0.827606 0.00515295
-0.818325 0.0257354
-0.761511 1.2793
-0.694765 0.0536695
0.989851 0.00181389
-0.221829 0.878468
-0.967061 1.28057
-0.928886 0.0716109
-0.95953 0.0302423
-0.893252 0.0104037
-0.954068 0.00257509
-0.958227 0.00295496
-0.735324 1.08424
-0.971537 0.110816
-0.91513 0.0520833
0.682276 0.0237669
-0.793702 0.0714648
-0.983126 0.0498458
-0.922314 0.395847
-0.287883 0.00324046
-0.556236 0.0268917
-0.749053 0.00112895
-0.909244 0.00903729
-0.766977 0.00120121
0.183499 0.427373
-0.969091 0.0347901
-0.957993 0.0322899
-0.769865 0.0010065
0.091971 0.0339534
-0.745141 0.0744233
0.213395 0.0170551
-0.330951 0.001907
-0.602653 0.14499
-0.683793 0.00209806
-0.687231 0.0664222
-0.458711 0.00110771
-0.986478 0.284949
-0.93515 0.0119605
-0.977304 0.00141642
-0.00466089 0.00177858
-0.983148 0.66057
-0.759473 0.00288678
-0.892977 0.661572
0.155107 0.0241762
-0.512115 0.00458279
-0.885916 0.00142621
-0.426659 4.14454
-0.576646 0.00882734
-0.715039 0.266408
-0.922317 0.331825
-0.88359 0.113209
-0.995102 0.0086709
-0.928832 0.551763
-0.886368 0.0112262
-0.819518 0.0765474
-0.958034 0.0166034
-0.925308 0.467975
-0.996221 0.00264509
-0.922798 0.0369708
-0.964908 0.0270519
-0.933464 0.010422
-0.997772 0.294817
-0.998551 0.00702295
-0.982515 0.00229977
-0.671774 0.00170483
