-0.967128 4.74041
-0.929394 3.51837
-0.993523 5.0229
-0.946559 0.470613
-0.711946 2.84758
-0.775033 3.0628
-0.935621 3.61117
-0.988603 1.14004
-0.841147 0.0507131
-0.961402 1.04521
-0.787962 0.855867
-0.880841 1.00521
-0.994207 1.88257
-0.864441 0.277867
-0.880541 0.975736
-0.981741 3.05634
-0.378703 0.544628
-0.991422 8.25241
-0.910457 2.12324
-0.16116 1.91345
-0.869178 22.723
-0.996041 9.26134
-0.973633 3.14529
-0.962028 1.71652
-0.975406 3.27736
-0.829919 2.43793
-0.92427 4.08819
-0.517675 0.964296
-0.949146 1.47099
-0.979961 4.17133
-0.98922 4.52261
-0.998261 8.16789
-0.978479 0.924638
-0.949156 7.5753
-0.979647 9.85235
-0.904411 0.580364
-0.987016 8.03858
-0.752048 2.35507
-0.933005 1.8285
-0.99962 0.824692
-0.991932 5.29198
-0.516448 1.02711
-0.980861 1.50164
-0.970276 2.35678
-0.870718 2.03868
-0.663389 1.22989
-0.956448 1.64568
-0.109238 0.60834
-0.973296 8.61752
-0.997105 11.2434
-0.991352 11.4123
-0.884785 3.40874
-0.998211 3.05039
-0.402031 0.676186
-0.94359 6.46774
-0.994561 11.9104
-0.766415 0.286172
-0.991978 10.487
-0.989572 10.3019
-0.967044 3.80548
-0.991538 2.0666
-0.987512 0.880251
-0.726117 3.75963
-0.940229 0.950421
-0.909575 10.9512
-0.913534 2.25143
-0.996537 9.49047
-0.980494 1.03248
-0.979647 6.91159
-0.980239 6.22042
-0.989747 23.8933
-0.939192 5.56945
-0.975362 8.74076
-0.97633 2.49443
-0.898814 3.70062
-0.884345 4.16112
-0.863357 3.93899
-0.895947 2.31812
-0.665862 0.529431
-0.851362 0.828549
-0.981422 12.0569
-0.99664 11.9131
-0.906338 2.38334
-0.939558 1.14899
-0.845959 4.43477
-0.992346 3.40442
-0.977751 13.3986
-0.888999 3.47585
-0.943915 4.98331
-0.948667 3.70106
-0.24264 5.12204
-0.982038 12.6165
-0.885706 0.811302
-0.769978 0.846633
-0.928923 2.87392
0.274949 1.18596
-0.954663 1.12766
-0.94198 6.22876
0.157927 0.0477762
-0.797659 0.938661
-0.983602 2.83878
-0.920051 1.05306
-0.978692 1.68307
