0.470446 0.652563 72.5673
0.949817 15.3767 206.82
0.880929 1.68869 198.904
0.767275 3.93203 214.718
0.692381 0.58721 146.036
0.667102 2.31177 129.855
0.91556 0.627106 53.3801
0.723677 0.526064 59.2784
0.515895 0.720792 258.722
0.628439 0.81283 245.215
0.702396 0.596853 114.435
0.875724 2.16902 34.6414
0.29518 0.573095 348.593
0.816675 0.533688 290.805
0.769826 1.39434 209.218
0.955214 1.4222 342.254
0.857448 1.89207 260.832
0.580585 1.23495 155.919
0.944277 1.63528 77.3772
0.290826 0.613411 356.714
0.91678 0.852487 342.428
0.403803 0.638889 254.029
0.758969 0.726555 192.265
0.594641 0.5708 233.607
0.663754 0.721246 195.787
0.239636 1.03996 273.856
0.708891 1.22999 242.598
0.677957 1.55258 69.9949
0.872159 0.893316 3.12147
0.34322 0.614528 236.788
0.359647 0.65437 323.744
0.480403 0.67896 259.369
0.808844 1.3141 76.3501
0.0308927 0.686894 65.8357
0.501822 0.554825 331.247
0.7377 1.13698 230.95
0.526282 1.56019 188.41
