0.975182 1.05739
-0.998184 2.20526
-0.992974 7.24194
-0.632036 0.191188
-0.902162 1.21219
-0.357568 0.585931
-0.999775 1.25288
-0.881224 0.466758
-0.97628 11.6279
-0.708829 0.352141
-0.998165 9.71591
-0.93031 4.59876
-0.959257 4.65203
-0.996248 9.44072
-0.718339 1.81377
-0.964743 0.874692
-0.925775 8.65467
-0.963799 2.78561
-0.981146 3.8358
-0.972443 1.9454
-0.997678 4.35661
-0.860498 5.04277
-0.954338 1.48963
-0.994631 7.64963
-0.912868 2.45362
-0.905715 0.349262
-0.939213 2.30797
-0.992932 9.69421
-0.996054 5.13901
-0.925557 9.90862
-0.976401 5.36628
-0.865745 0.321584
-0.777536 1.36949
-0.982855 4.57938
-0.885828 0.39784
-0.611771 1.54411
-0.88595 1.53375
-0.96486 3.32453
-0.760009 0.925557
-0.759817 0.378734
-0.66174 0.425977
-0.997073 1.13329
-0.409112 0.347247
-0.992806 2.69197
-0.692024 2.09632
-0.745896 0.481425
-0.955073 11.0147
0.846148 0.069772
-0.951339 5.9315
-0.997209 6.49453
-0.97556 3.53628
