-0.944581 1.42749
-0.984043 5.01296
-0.97907 9.41377
-0.990709 3.4819
-0.969446 2.99829
-0.919985 0.596815
-0.961251 3.88765
-0.995694 4.72815
-0.897701 0.73026
-0.936226 5.06106
-0.954461 2.16992
-0.125851 1.11094
-0.939912 2.73142
-0.869972 4.45655
-0.990387 4.35809
-0.981127 1.75773
-0.956187 3.91757
-0.95959 9.16991
-0.954737 6.08084
-0.906452 4.64088
-0.956582 1.83795
-0.808803 4.84019
-0.860325 0.674701
-0.97147 1.56221
-0.950524 2.35828
-0.998411 12.6211
-0.522425 0.920913
-0.968551 1.09678
-0.774674 0.923116
-0.990998 8.20515
-0.877604 4.22592
-0.93112 5.08351
-0.744734 6.60445
-0.896254 1.24308
-0.818044 2.88589
-0.923816 3.67805
-0.746433 0.801987
