-0.906463 3.25395
-0.962347 0.856485
-0.836961 0.936233
-0.965082 9.88786
-0.943729 1.93681
-0.961839 2.33006
-0.832016 0.93773
-0.932141 5.13345
-0.990055 0.537263
-0.739897 0.990928
-0.927452 0.905059
-0.970336 3.12962
-0.985594 7.69435
-0.756237 2.94011
0.752498 0.863638
-0.749461 0.9546
-0.986907 8.448
-0.378881 0.616846
-0.956531 1.01986
0.466253 1.38861
-0.933089 0.859914
-0.554836 0.179308
-0.971609 0.325087
-0.462143 2.59987
-0.989113 8.06093
-0.992087 4.25172
-0.990291 1.06591
-0.722243 0.876277
