-0.976595 2.51506
-0.970906 1.71091
-0.999725 3.84992
-0.860148 2.27284
-0.934357 2.92021
-0.996674 4.31083
-0.999372 2.26583
-0.92488 1.1737
-0.725351 0.835924
-0.744243 1.07966
-0.770843 0.768421
-0.884717 2.55048
-0.720086 1.15031
-0.9234 9.4556
-0.973023 16.6706
-0.991362 7.1211
-0.995193 2.96391
-0.994717 0.563514
-0.779876 1.21109
-0.0217661 1.11152
-0.818778 0.774975
0.569779 0.185673
-0.861434 0.401939
-0.841277 0.807604
-0.989214 15.4128
-0.863416 2.67301
-0.177097 1.61741
-0.841632 10.5374
-0.971109 1.58156
-0.956107 2.04456
-0.996496 8.69742
-0.891699 4.07341
-0.975397 0.613875
-0.788309 1.24808
-0.93534 5.6781
-0.849356 3.04989
-0.989418 10.8546
-0.938586 1.41922
-0.999378 3.59847
-0.979892 2.99525
-0.980432 2.36825
-0.984472 2.88374
-0.990311 1.67908
-0.960825 13.3641
-0.939932 5.36699
-0.994161 1.51467
-0.0673487 0.601764
-0.800145 1.50774
-0.952839 5.21131
-0.965956 10.8542
-0.941936 3.76122
-0.964235 11.2583
-0.855026 1.04741
-0.562161 0.684679
-0.793907 0.201876
-0.98292 2.93145
-0.995785 19.4144
-0.985282 5.10108
-0.883867 1.04275
-0.959762 3.65033
-0.826392 0.580081
-0.863058 1.29046
-0.581247 0.52261
-0.974327 6.22956
-0.618215 0.653347
-0.97581 2.88199
-0.9393 0.485783
-0.9751 2.19509
-0.917396 4.0826
-0.989976 8.31243
-0.98523 1.30853
-0.977177 3.43464
-0.979102 1.5321
-0.807561 3.64686
-0.996036 2.08506
-0.970223 4.55726
-0.747568 0.719665
-0.875365 3.16481
-0.954816 1.68092
-0.934343 0.882037
-0.995862 10.5085
-0.952686 2.87481
-0.909499 8.08606
-0.917414 0.687985
-0.966923 1.92864
-0.48152 0.273788
-0.96106 11.1241
-0.479754 1.34636
-0.928282 4.0997
-0.918701 3.05885
-0.985863 6.40008
-0.833343 0.437745
-0.986331 3.04414
-0.964225 3.02677
0.047959 1.1916
-0.719501 0.758185
-0.900445 1.13362
-0.981446 3.62992
-0.949863 4.44636
-0.853243 1.33365
-0.984971 2.21524
-0.56816 1.45452
-0.932247 3.80506
-0.593356 2.08622
-0.963718 2.50077
-0.955586 3.99154
-0.974584 7.01676
-0.628882 0.380168
-0.990836 3.30012
