-0.971776 2.51567
-0.903417 4.1919
-0.945469 1.20186
-0.987549 5.3165
-0.99559 7.51315
-0.9924 0.762441
-0.551096 0.174161
-0.961591 0.781379
-0.973807 3.27288
-0.995845 7.7755
-0.950888 13.6681
-0.91681 0.950361
-0.983504 5.62522
-0.955206 4.10928
-0.938037 1.45358
-0.935213 4.03891
-0.952611 7.19571
-0.943104 1.90169
-0.930998 12.612
-0.999729 1.8809
-0.979529 2.88
-0.859353 0.489161
-0.266867 1.03782
-0.959095 3.51889
-0.998938 3.40087
-0.904084 8.297
-0.967128 0.904315
-0.94477 1.75434
-0.951108 1.95658
-0.90591 4.09097
-0.98547 1.00537
-0.774755 1.9479
-0.66362 0.614592
-0.999733 1.33636
-0.948988 1.33647
0.460831 1.35678
-0.958556 3.01477
-0.997604 5.16176
-0.948363 7.30201
-0.904146 4.8717
-0.708147 0.584622
-0.997962 7.03621
-0.956006 4.2851
-0.957201 1.28526
-0.960874 5.30749
-0.97261 5.60595
-0.967075 1.36642
-0.439787 0.865229
-0.979367 12.4269
-0.968532 0.592453
-0.959405 1.25569
-0.84614 2.02705
-0.950573 0.812476
-0.961072 3.3279
-0.511073 0.662132
-0.945033 4.06822
-0.972307 4.66897
-0.993296 2.34302
-0.998385 4.83682
-0.972974 6.39063
-0.948236 1.14892
-0.0961802 1.72694
-0.852075 2.37741
-0.6649 2.83681
-0.990591 15.4375
-0.994551 19.6056
-0.9553 5.7823
-0.971723 10.231
-0.966782 12.823
-0.974781 8.18368
-0.978585 1.26591
-0.995897 2.06879
-0.947431 15.3418
-0.851159 2.54611
-0.793115 7.84001
-0.989742 7.77534
0.279843 0.418344
-0.645003 1.43033
-0.990997 4.22943
-0.920741 3.48593
-0.974914 6.96723
-0.752248 1.18388
-0.985674 3.59657
-0.926732 1.01806
-0.925174 11.0543
-0.988039 4.44461
-0.946677 6.05918
-0.988721 4.60237
-0.681368 1.85534
-0.198412 0.844689
-0.646235 1.94131
-0.960812 4.89857
-0.996928 9.79163
-0.794218 1.1716
-0.978498 4.97061
-0.758198 1.83531
-0.562154 1.88882
-0.960642 1.34582
-0.949159 0.404
-0.985483 5.63453
-0.965351 1.72099
-0.95765 4.39809
-0.949151 3.46581
-0.630878 1.82012
-0.967102 8.55034
-0.819285 0.598575
-0.651598 2.78871
-0.983211 4.55469
-0.951847 10.9438
-0.94829 3.44315
-0.964261 1.76402
-0.641656 1.5745
-0.949476 1.03304
0.10301 0.608709
-0.914262 2.13996
-0.970224 1.97441
-0.942579 2.82336
-0.938614 2.92257
-0.713001 0.618946
-0.970926 3.23541
-0.985378 1.17311
-0.963474 5.72213
-0.745921 1.27683
-0.809049 4.52857
-0.997696 8.30033
-0.949908 2.64988
-0.91887 5.0068
-0.988132 3.10818
-0.540822 0.622101
-0.998714 3.53678
-0.993524 9.67826
-0.939975 1.24569
-0.985833 7.91231
-0.89491 2.49767
-0.979584 5.18182
-0.65426 1.64586
-0.964418 9.82565
-0.992803 11.9974
-0.971653 9.99269
-0.946184 4.74328
-0.983911 2.8632
-0.963645 0.795367
-0.935352 3.07272
-0.113561 2.47564
-0.989005 22.195
-0.935326 0.816188
-0.823343 0.16757
-0.846471 0.638718
-0.981761 3.9883
-0.86911 4.44041
-0.979848 1.89669
-0.321823 1.76067
-0.925562 1.52358
-0.916152 4.10309
-0.985365 3.07953
-0.984298 6.01231
-0.97997 1.00077
-0.991103 5.80152
-0.967368 7.42514
-0.992971 4.27324
-0.998698 3.70888
-0.717525 5.68122
-0.997406 6.30696
-0.699057 0.148102
-0.94604 6.57695
-0.917633 3.54326
-0.888861 5.23606
-0.998303 21.7229
0.105416 0.183644
-0.931513 10.0239
-0.8526 2.82916
-0.559657 0.513244
-0.917628 0.440896
-0.95055 2.83604
-0.953898 8.82767
-0.999408 8.8114
-0.992602 1.40188
-0.921877 3.67002
-0.972304 3.99455
-0.980452 0.916809
-0.390931 0.896935
-0.264711 1.51418
-0.221828 0.843309
-0.965282 0.687012
-0.997297 5.96779
-0.809247 1.96645
0.094631 0.837098
-0.75085 0.800436
-0.979433 5.29363
-0.987168 3.45551
-0.983668 12.4163
-0.708459 1.59969
-0.833334 0.246575
-0.98042 1.65516
-0.664705 3.80749
-0.992307 2.45241
-0.096383 2.73337
-0.728009 3.05299
-0.9939 3.37443
-0.999507 3.19721
-0.96717 4.37353
-0.967033 2.43524
-0.982617 3.73073
-0.980495 6.73578
-0.955712 2.77185
-0.96392 2.41451
-0.959171 1.44899
-0.983071 9.43344
-0.965697 10.5581
-0.989536 5.57513
-0.977765 3.6636
-0.992249 31.8683
-0.972447 8.18206
-0.803763 1.55937
-0.640107 3.15741
-0.773379 2.84649
-0.896696 4.49439
-0.988596 7.26302
0.669826 2.50663
-0.951117 2.10854
-0.920144 3.23418
-0.977703 8.37769
-0.940551 5.70808
-0.95613 0.859287
-0.870025 2.44721
-0.986351 12.3401
-0.741269 1.37067
-0.994388 2.8263
-0.871416 10.8806
-0.714285 0.683331
-0.968133 1.76296
-0.507842 0.638547
-0.815333 2.7863
-0.954193 1.78651
-0.954997 8.68101
-0.998455 2.20616
-0.617756 0.503082
-0.999992 5.50668
-0.936736 2.90797
-0.975336 8.76691
-0.991119 6.13146
-0.973759 1.85133
-0.999912 2.13398
-0.989132 4.53253
-0.989202 3.76052
-0.955696 6.05714
-0.880677 1.38615
-0.970601 0.962863
-0.837056 0.715132
0.725754 0.804104
-0.963127 6.35782
-0.814582 0.330166
-0.905038 0.708086
-0.974336 14.6748
0.999268 10.1334
-0.954218 3.22448
-0.943767 2.33694
-0.861275 2.00601
-0.949266 0.403905
-0.934782 0.512145
-0.94238 1.97559
-0.869869 0.922981
-0.878868 4.33596
-0.837095 0.419739
-0.885973 1.39705
0.978012 0.961565
-0.922535 4.1635
-0.973634 2.86164
-0.902072 2.77226
0.987819 1.77411
0.936649 6.75339
-0.669963 2.46756
-0.980597 11.8616
-0.997956 0.925663
-0.875011 0.831433
-0.998963 3.57308
-0.874831 1.69303
0.11269 0.0889824
-0.98676 19.6933
-0.967168 3.75219
-0.813948 6.7075
0.242947 1.53891
-0.951367 1.00418
-0.470215 0.457767
-0.712535 0.775522
